  24000.0      1273.00      7.52580     0.845400      1.13110      9.55040     0.628500     0.936000E-01  0.00000      0.00000      0.00000     0.190000E-02  13.8463    
  24000.0      1273.00      7.52612     0.845352      1.13110      9.55040     0.628980     0.848146E-01 0.977395E-05 0.977395E-05  0.00000      0.00000      13.8463    
  24000.0      1273.00      7.52642     0.845270      1.13110      9.55040     0.629500     0.771085E-01 0.129913E-03 0.129913E-03  0.00000      0.00000      13.8463    
  24000.0      1273.00      7.52672     0.845191      1.13110      9.55040     0.630012     0.694852E-01 0.248553E-03 0.248553E-03  0.00000      0.00000      13.8464    
  24000.0      1273.00      7.52703     0.845117      1.13110      9.55040     0.630515     0.620639E-01 0.356914E-03 0.356914E-03  0.00000      0.00000      13.8464    
  24000.0      1273.00      7.52734     0.845046      1.13110      9.55040     0.631005     0.547759E-01 0.455519E-03 0.455519E-03  0.00000      0.00000      13.8465    
  24000.0      1273.00      7.52766     0.844978      1.13110      9.55040     0.631474     0.477415E-01 0.576071E-03 0.576071E-03  0.00000      0.00000      13.8466    
  24000.0      1273.00      7.52799     0.844914      1.13110      9.55039     0.631925     0.408117E-01 0.654102E-03 0.654102E-03  0.00000      0.00000      13.8468    
  24000.0      1273.00      7.52832     0.844853      1.13110      9.55039     0.632346     0.341194E-01 0.722721E-03 0.722721E-03  0.00000      0.00000      13.8470    
  24000.0      1273.00      7.52865     0.844793      1.13110      9.55039     0.632749     0.275606E-01 0.787844E-03 0.787844E-03  0.00000      0.00000      13.8472    
  24000.0      1273.00      7.52898     0.844734      1.13110      9.55039     0.633138     0.211235E-01 0.850701E-03 0.850701E-03  0.00000      0.00000      13.8474    
  24000.0      1273.00      7.52931     0.844677      1.13110      9.55039     0.633507     0.148468E-01 0.909908E-03 0.909908E-03  0.00000      0.00000      13.8477    
  24000.0      1273.00      7.52964     0.844620      1.13110      9.55039     0.633854     0.873706E-02 0.965958E-03 0.965958E-03  0.00000      0.00000      13.8480    
  24000.0      1273.00      7.52996     0.844564      1.13110      9.55039     0.634166     0.291730E-02 0.101845E-02 0.101845E-02  0.00000      0.00000      13.8483    
  24000.0      1273.00      7.53028     0.844505      1.13110      9.55039     0.634179      0.00000     0.108623E-02 0.108623E-02  0.00000      0.00000      13.8492    
  24000.0      1273.00      7.53059     0.844451      1.13110      9.55039     0.634084      0.00000     0.115346E-02 0.115346E-02  0.00000      0.00000      13.8508    
  24000.0      1273.00      7.53090     0.844396      1.13110      9.55039     0.633992      0.00000     0.122099E-02 0.122099E-02  0.00000      0.00000      13.8524    
  24000.0      1273.00      7.53122     0.844342      1.13110      9.55039     0.633907      0.00000     0.128960E-02 0.128960E-02  0.00000      0.00000      13.8540    
  24000.0      1273.00      7.53153     0.844287      1.13110      9.55039     0.633808      0.00000     0.135999E-02 0.135999E-02  0.00000      0.00000      13.8556    
  24000.0      1273.00      7.53185     0.844232      1.13110      9.55039     0.633709      0.00000     0.143053E-02 0.143053E-02  0.00000      0.00000      13.8572    
  24000.0      1273.00      7.53217     0.844177      1.13110      9.55039     0.633612      0.00000     0.150104E-02 0.150104E-02  0.00000      0.00000      13.8587    
  24000.0      1273.00      7.53250     0.844123      1.13110      9.55039     0.633513      0.00000     0.157123E-02 0.157123E-02  0.00000      0.00000      13.8603    
  24000.0      1273.00      7.53282     0.844068      1.13110      9.55039     0.633425      0.00000     0.163830E-02 0.163830E-02  0.00000      0.00000      13.8619    
  24000.0      1273.00      7.53315     0.844012      1.13110      9.55039     0.633283      0.00000     0.170620E-02 0.170620E-02  0.00000      0.00000      13.8634    
  24000.0      1273.00      7.53348     0.843958      1.13110      9.55039     0.633196      0.00000     0.177253E-02 0.177253E-02  0.00000      0.00000      13.8649    
  24000.0      1273.00      7.53381     0.843904      1.13110      9.55039     0.633108      0.00000     0.183815E-02 0.183815E-02  0.00000      0.00000      13.8665    
  24000.0      1273.00      7.53414     0.843850      1.13110      9.55039     0.633017      0.00000     0.190247E-02 0.190247E-02  0.00000      0.00000      13.8680    
  24000.0      1273.00      7.53447     0.843797      1.13110      9.55038     0.632922      0.00000     0.196537E-02 0.196537E-02  0.00000      0.00000      13.8695    
  24000.0      1273.00      7.53481     0.843743      1.13110      9.55038     0.632820      0.00000     0.202637E-02 0.202637E-02  0.00000      0.00000      13.8709    
  24000.0      1273.00      7.53515     0.843690      1.13110      9.55038     0.632712      0.00000     0.208564E-02 0.208564E-02  0.00000      0.00000      13.8724    
  24000.0      1273.00      7.53549     0.843637      1.13110      9.55038     0.632606      0.00000     0.214286E-02 0.214286E-02  0.00000      0.00000      13.8738    
  24000.0      1273.00      7.53582     0.843582      1.13110      9.55038     0.632439      0.00000     0.219906E-02 0.219906E-02  0.00000      0.00000      13.8752    
  24000.0      1273.00      7.53617     0.843529      1.13110      9.55038     0.632308      0.00000     0.225313E-02 0.225313E-02  0.00000      0.00000      13.8765    
  24000.0      1273.00      7.53651     0.843477      1.13110      9.55038     0.632181      0.00000     0.230387E-02 0.230387E-02  0.00000      0.00000      13.8779    
  24000.0      1273.00      7.53686     0.843425      1.13110      9.55038     0.632040      0.00000     0.235224E-02 0.235224E-02  0.00000      0.00000      13.8792    
  24000.0      1273.00      7.53720     0.843372      1.13110      9.55038     0.631875      0.00000     0.239783E-02 0.239783E-02  0.00000      0.00000      13.8804    
  24000.0      1273.00      7.53755     0.843319      1.13110      9.55038     0.631699      0.00000     0.244105E-02 0.244105E-02  0.00000      0.00000      13.8816    
  24000.0      1273.00      7.53790     0.843267      1.13110      9.55038     0.631524      0.00000     0.248123E-02 0.248123E-02  0.00000      0.00000      13.8828    
  24000.0      1273.00      7.53825     0.843216      1.13110      9.55038     0.631346      0.00000     0.251785E-02 0.251785E-02  0.00000      0.00000      13.8839    
  24000.0      1273.00      7.53861     0.843164      1.13110      9.55038     0.631151      0.00000     0.255295E-02 0.255295E-02  0.00000      0.00000      13.8851    
  24000.0      1273.00      7.53896     0.843114      1.13110      9.55038     0.630964      0.00000     0.258302E-02 0.258302E-02  0.00000      0.00000      13.8861    
  24000.0      1273.00      7.53932     0.843063      1.13110      9.55038     0.630757      0.00000     0.261169E-02 0.261169E-02  0.00000      0.00000      13.8872    
  24000.0      1273.00      7.53967     0.843013      1.13110      9.55038     0.630552      0.00000     0.263703E-02 0.263703E-02  0.00000      0.00000      13.8882    
  24000.0      1273.00      7.54003     0.842963      1.13110      9.55038     0.630334      0.00000     0.265884E-02 0.265884E-02  0.00000      0.00000      13.8891    
  24000.0      1273.00      7.54039     0.842915      1.13110      9.55038     0.630138      0.00000     0.267645E-02 0.267645E-02  0.00000      0.00000      13.8901    
  24000.0      1273.00      7.54075     0.842865      1.13110      9.55038     0.629905      0.00000     0.269477E-02 0.269477E-02  0.00000      0.00000      13.8910    
  24000.0      1273.00      7.54111     0.842816      1.13110      9.55038     0.629681      0.00000     0.270774E-02 0.270774E-02  0.00000      0.00000      13.8919    
  24000.0      1273.00      7.54148     0.842767      1.13110      9.55037     0.629439      0.00000     0.272042E-02 0.272042E-02  0.00000      0.00000      13.8927    
  24000.0      1273.00      7.54184     0.842718      1.13110      9.55037     0.629188      0.00000     0.272981E-02 0.272981E-02  0.00000      0.00000      13.8935    
  24000.0      1273.00      7.54221     0.842670      1.13110      9.55037     0.628938      0.00000     0.273682E-02 0.273682E-02  0.00000      0.00000      13.8943    
  24000.0      1273.00      7.54257     0.842622      1.13110      9.55037     0.628679      0.00000     0.274148E-02 0.274148E-02  0.00000      0.00000      13.8951    
  24000.0      1273.00      7.54294     0.842574      1.13110      9.55037     0.628415      0.00000     0.274419E-02 0.274419E-02  0.00000      0.00000      13.8958    
  24000.0      1273.00      7.54330     0.842526      1.13110      9.55037     0.628143      0.00000     0.274429E-02 0.274429E-02  0.00000      0.00000      13.8965    
  24000.0      1273.00      7.54367     0.842479      1.13110      9.55037     0.627864      0.00000     0.274232E-02 0.274232E-02  0.00000      0.00000      13.8972    
  24000.0      1273.00      7.54404     0.842431      1.13110      9.55037     0.627584      0.00000     0.273712E-02 0.273712E-02  0.00000      0.00000      13.8978    
  24000.0      1273.00      7.54441     0.842384      1.13110      9.55037     0.627304      0.00000     0.273048E-02 0.273048E-02  0.00000      0.00000      13.8984    
  24000.0      1273.00      7.54478     0.842337      1.13110      9.55037     0.627017      0.00000     0.272262E-02 0.272262E-02  0.00000      0.00000      13.8991    
  24000.0      1273.00      7.54515     0.842290      1.13110      9.55037     0.626717      0.00000     0.271625E-02 0.271625E-02  0.00000      0.00000      13.8997    
  24000.0      1273.00      7.54552     0.842243      1.13110      9.55037     0.626423      0.00000     0.270374E-02 0.270374E-02  0.00000      0.00000      13.9002    
  24000.0      1273.00      7.54590     0.842197      1.13110      9.55037     0.626131      0.00000     0.269068E-02 0.269068E-02  0.00000      0.00000      13.9008    
  24000.0      1273.00      7.54627     0.842151      1.13110      9.55037     0.625837      0.00000     0.267638E-02 0.267638E-02  0.00000      0.00000      13.9013    
  24000.0      1273.00      7.54664     0.842104      1.13110      9.55037     0.625541      0.00000     0.266248E-02 0.266248E-02  0.00000      0.00000      13.9019    
  24000.0      1273.00      7.54702     0.842058      1.13110      9.55037     0.625234      0.00000     0.264598E-02 0.264598E-02  0.00000      0.00000      13.9024    
  24000.0      1273.00      7.54739     0.842012      1.13110      9.55037     0.624906      0.00000     0.263100E-02 0.263100E-02  0.00000      0.00000      13.9029    
  24000.0      1273.00      7.54776     0.841965      1.13110      9.55036     0.624578      0.00000     0.261534E-02 0.261534E-02  0.00000      0.00000      13.9034    
  24000.0      1273.00      7.54814     0.841919      1.13110      9.55036     0.624270      0.00000     0.259514E-02 0.259514E-02  0.00000      0.00000      13.9038    
  24000.0      1273.00      7.54851     0.841874      1.13110      9.55036     0.623958      0.00000     0.257411E-02 0.257411E-02  0.00000      0.00000      13.9043    
  24000.0      1273.00      7.54889     0.841828      1.13110      9.55036     0.623644      0.00000     0.255333E-02 0.255333E-02  0.00000      0.00000      13.9048    
  24000.0      1273.00      7.54927     0.841781      1.13110      9.55036     0.623309      0.00000     0.253401E-02 0.253401E-02  0.00000      0.00000      13.9052    
  24000.0      1273.00      7.54964     0.841736      1.13110      9.55036     0.622988      0.00000     0.251040E-02 0.251040E-02  0.00000      0.00000      13.9057    
  24000.0      1273.00      7.55002     0.841690      1.13110      9.55036     0.622664      0.00000     0.248617E-02 0.248617E-02  0.00000      0.00000      13.9061    
  24000.0      1273.00      7.55040     0.841644      1.13110      9.55036     0.622328      0.00000     0.246309E-02 0.246309E-02  0.00000      0.00000      13.9065    
  24000.0      1273.00      7.55077     0.841599      1.13110      9.55036     0.621988      0.00000     0.243977E-02 0.243977E-02  0.00000      0.00000      13.9069    
  24000.0      1273.00      7.55115     0.841554      1.13110      9.55036     0.621668      0.00000     0.241340E-02 0.241340E-02  0.00000      0.00000      13.9073    
  24000.0      1273.00      7.55153     0.841508      1.13110      9.55036     0.621340      0.00000     0.238592E-02 0.238592E-02  0.00000      0.00000      13.9077    
  24000.0      1273.00      7.55191     0.841463      1.13110      9.55036     0.621002      0.00000     0.236022E-02 0.236022E-02  0.00000      0.00000      13.9081    
  24000.0      1273.00      7.55229     0.841418      1.13110      9.55036     0.620659      0.00000     0.233453E-02 0.233453E-02  0.00000      0.00000      13.9084    
  24000.0      1273.00      7.55267     0.841372      1.13110      9.55036     0.620315      0.00000     0.230928E-02 0.230928E-02  0.00000      0.00000      13.9088    
  24000.0      1273.00      7.55305     0.841326      1.13110      9.55036     0.619971      0.00000     0.228339E-02 0.228339E-02  0.00000      0.00000      13.9092    
  24000.0      1273.00      7.55343     0.841281      1.13110      9.55035     0.619626      0.00000     0.225693E-02 0.225693E-02  0.00000      0.00000      13.9096    
  24000.0      1273.00      7.55381     0.841236      1.13110      9.55035     0.619288      0.00000     0.222728E-02 0.222728E-02  0.00000      0.00000      13.9099    
  24000.0      1273.00      7.55419     0.841191      1.13110      9.55035     0.618962      0.00000     0.219669E-02 0.219669E-02  0.00000      0.00000      13.9103    
  24000.0      1273.00      7.55457     0.841147      1.13110      9.55035     0.618637      0.00000     0.216522E-02 0.216522E-02  0.00000      0.00000      13.9106    
  24000.0      1273.00      7.55495     0.841103      1.13110      9.55035     0.618310      0.00000     0.213328E-02 0.213328E-02  0.00000      0.00000      13.9110    
  24000.0      1273.00      7.55533     0.841058      1.13110      9.55035     0.617984      0.00000     0.210086E-02 0.210086E-02  0.00000      0.00000      13.9113    
  24000.0      1273.00      7.55571     0.841013      1.13110      9.55035     0.617648      0.00000     0.206957E-02 0.206957E-02  0.00000      0.00000      13.9117    
  24000.0      1273.00      7.55609     0.840968      1.13110      9.55035     0.617281      0.00000     0.204126E-02 0.204126E-02  0.00000      0.00000      13.9120    
  24000.0      1273.00      7.55648     0.840923      1.13110      9.55035     0.616952      0.00000     0.200863E-02 0.200863E-02  0.00000      0.00000      13.9123    
  24000.0      1273.00      7.55686     0.840879      1.13110      9.55035     0.616620      0.00000     0.197499E-02 0.197499E-02  0.00000      0.00000      13.9127    
  24000.0      1273.00      7.55724     0.840835      1.13110      9.55035     0.616285      0.00000     0.194091E-02 0.194091E-02  0.00000      0.00000      13.9130    
  24000.0      1273.00      7.55762     0.840790      1.13110      9.55035     0.615952      0.00000     0.190698E-02 0.190698E-02  0.00000      0.00000      13.9133    
  24000.0      1273.00      7.55801     0.840746      1.13110      9.55035     0.615617      0.00000     0.187251E-02 0.187251E-02  0.00000      0.00000      13.9136    
  24000.0      1273.00      7.55839     0.840701      1.13110      9.55035     0.615269      0.00000     0.183905E-02 0.183905E-02  0.00000      0.00000      13.9139    
  24000.0      1273.00      7.55877     0.840657      1.13110      9.55035     0.614922      0.00000     0.180521E-02 0.180521E-02  0.00000      0.00000      13.9142    
  24000.0      1273.00      7.55915     0.840612      1.13110      9.55034     0.614586      0.00000     0.177082E-02 0.177082E-02  0.00000      0.00000      13.9146    
  24000.0      1273.00      7.55954     0.840568      1.13110      9.55034     0.614247      0.00000     0.173548E-02 0.173548E-02  0.00000      0.00000      13.9149    
  24000.0      1273.00      7.55992     0.840523      1.13110      9.55034     0.613902      0.00000     0.170072E-02 0.170072E-02  0.00000      0.00000      13.9152    
  24000.0      1273.00      7.56031     0.840479      1.13110      9.55034     0.613556      0.00000     0.166569E-02 0.166569E-02  0.00000      0.00000      13.9155    
  24000.0      1273.00      7.56069     0.840434      1.13110      9.55034     0.613211      0.00000     0.163054E-02 0.163054E-02  0.00000      0.00000      13.9158    
  24000.0      1273.00      7.56107     0.840390      1.13110      9.55034     0.612866      0.00000     0.159511E-02 0.159511E-02  0.00000      0.00000      13.9161    
  24000.0      1273.00      7.56146     0.840345      1.13110      9.55034     0.612512      0.00000     0.155988E-02 0.155988E-02  0.00000      0.00000      13.9164    
  24000.0      1273.00      7.56184     0.840300      1.13110      9.55034     0.612158      0.00000     0.152444E-02 0.152444E-02  0.00000      0.00000      13.9166    
  24000.0      1273.00      7.56223     0.840255      1.13110      9.55034     0.611804      0.00000     0.148879E-02 0.148879E-02  0.00000      0.00000      13.9169    
  24000.0      1273.00      7.56261     0.840211      1.13110      9.55034     0.611451      0.00000     0.145296E-02 0.145296E-02  0.00000      0.00000      13.9172    
  24000.0      1273.00      7.56300     0.840166      1.13110      9.55034     0.611095      0.00000     0.141815E-02 0.141815E-02  0.00000      0.00000      13.9175    
  24000.0      1273.00      7.56338     0.840121      1.13110      9.55034     0.610739      0.00000     0.138311E-02 0.138311E-02  0.00000      0.00000      13.9178    
  24000.0      1273.00      7.56377     0.840076      1.13110      9.55034     0.610381      0.00000     0.134793E-02 0.134793E-02  0.00000      0.00000      13.9181    
  24000.0      1273.00      7.56415     0.840031      1.13110      9.55034     0.610027      0.00000     0.131173E-02 0.131173E-02  0.00000      0.00000      13.9183    
  24000.0      1273.00      7.56454     0.839987      1.13110      9.55034     0.609681      0.00000     0.127543E-02 0.127543E-02  0.00000      0.00000      13.9186    
  24000.0      1273.00      7.56491     0.839934      1.13110      9.55033     0.608995      0.00000     0.134637E-02 0.134637E-02  0.00000      0.00000      13.9188    
  24000.0      1273.00      7.56529     0.839880      1.13110      9.55033     0.608309      0.00000     0.141730E-02 0.141730E-02  0.00000      0.00000      13.9189    
  24000.0      1273.00      7.56566     0.839827      1.13110      9.55033     0.607624      0.00000     0.148822E-02 0.148822E-02  0.00000      0.00000      13.9191    
  24000.0      1273.00      7.56605     0.839782      1.13110      9.55033     0.607278      0.00000     0.145162E-02 0.145162E-02  0.00000      0.00000      13.9194    
  24000.0      1273.00      7.56643     0.839738      1.13110      9.55033     0.606931      0.00000     0.141492E-02 0.141492E-02  0.00000      0.00000      13.9197    
  24000.0      1273.00      7.56682     0.839694      1.13110      9.55033     0.606584      0.00000     0.137806E-02 0.137806E-02  0.00000      0.00000      13.9199    
  24000.0      1273.00      7.56721     0.839649      1.13110      9.55033     0.606233      0.00000     0.134153E-02 0.134153E-02  0.00000      0.00000      13.9202    
  24000.0      1273.00      7.56759     0.839604      1.13110      9.55033     0.605881      0.00000     0.130491E-02 0.130491E-02  0.00000      0.00000      13.9205    
  24000.0      1273.00      7.56798     0.839560      1.13110      9.55033     0.605529      0.00000     0.126816E-02 0.126816E-02  0.00000      0.00000      13.9208    
  24000.0      1273.00      7.56837     0.839515      1.13110      9.55033     0.605177      0.00000     0.123125E-02 0.123125E-02  0.00000      0.00000      13.9210    
  24000.0      1273.00      7.56875     0.839471      1.13110      9.55033     0.604827      0.00000     0.119396E-02 0.119396E-02  0.00000      0.00000      13.9213    
  24000.0      1273.00      7.56914     0.839427      1.13110      9.55033     0.604476      0.00000     0.115653E-02 0.115653E-02  0.00000      0.00000      13.9216    
  24000.0      1273.00      7.56953     0.839382      1.13110      9.55033     0.604126      0.00000     0.111885E-02 0.111885E-02  0.00000      0.00000      13.9218    
  24000.0      1273.00      7.56992     0.839338      1.13110      9.55033     0.603775      0.00000     0.108109E-02 0.108109E-02  0.00000      0.00000      13.9221    
  24000.0      1273.00      7.57030     0.839293      1.13110      9.55032     0.603424      0.00000     0.104327E-02 0.104327E-02  0.00000      0.00000      13.9224    
  24000.0      1273.00      7.57069     0.839249      1.13110      9.55032     0.603073      0.00000     0.100540E-02 0.100540E-02  0.00000      0.00000      13.9226    
  24000.0      1273.00      7.57108     0.839205      1.13110      9.55032     0.602721      0.00000     0.967131E-03 0.967131E-03  0.00000      0.00000      13.9229    
  24000.0      1273.00      7.57147     0.839160      1.13110      9.55032     0.602370      0.00000     0.928937E-03 0.928937E-03  0.00000      0.00000      13.9231    
  24000.0      1273.00      7.57185     0.839116      1.13110      9.55032     0.602018      0.00000     0.890676E-03 0.890676E-03  0.00000      0.00000      13.9234    
  24000.0      1273.00      7.57224     0.839071      1.13110      9.55032     0.601667      0.00000     0.852346E-03 0.852346E-03  0.00000      0.00000      13.9237    
  24000.0      1273.00      7.57263     0.839027      1.13110      9.55032     0.601316      0.00000     0.813598E-03 0.813598E-03  0.00000      0.00000      13.9239    
  24000.0      1273.00      7.57302     0.838983      1.13110      9.55032     0.600965      0.00000     0.774907E-03 0.774907E-03  0.00000      0.00000      13.9242    
  24000.0      1273.00      7.57341     0.838938      1.13110      9.55032     0.600614      0.00000     0.736179E-03 0.736179E-03  0.00000      0.00000      13.9244    
  24000.0      1273.00      7.57380     0.838894      1.13110      9.55032     0.600263      0.00000     0.697377E-03 0.697377E-03  0.00000      0.00000      13.9247    
  24000.0      1273.00      7.57418     0.838850      1.13110      9.55032     0.599905      0.00000     0.658941E-03 0.658941E-03  0.00000      0.00000      13.9249    
  24000.0      1273.00      7.57457     0.838805      1.13110      9.55032     0.599553      0.00000     0.619668E-03 0.619668E-03  0.00000      0.00000      13.9252    
  24000.0      1273.00      7.57496     0.838761      1.13110      9.55032     0.599196      0.00000     0.581096E-03 0.581096E-03  0.00000      0.00000      13.9254    
  24000.0      1273.00      7.57535     0.838716      1.13110      9.55032     0.598838      0.00000     0.542477E-03 0.542477E-03  0.00000      0.00000      13.9257    
  24000.0      1273.00      7.57574     0.838672      1.13110      9.55031     0.598481      0.00000     0.503818E-03 0.503818E-03  0.00000      0.00000      13.9259    
  24000.0      1273.00      7.57613     0.838627      1.13110      9.55031     0.598112      0.00000     0.467246E-03 0.467246E-03  0.00000      0.00000      13.9262    
  24000.0      1273.00      7.57652     0.838583      1.13110      9.55031     0.597742      0.00000     0.430630E-03 0.430630E-03  0.00000      0.00000      13.9264    
  24000.0      1273.00      7.57691     0.838538      1.13110      9.55031     0.597386      0.00000     0.390889E-03 0.390889E-03  0.00000      0.00000      13.9266    
  24000.0      1273.00      7.57730     0.838494      1.13110      9.55031     0.597027      0.00000     0.351413E-03 0.351413E-03  0.00000      0.00000      13.9269    
  24000.0      1273.00      7.57769     0.838449      1.13110      9.55031     0.596668      0.00000     0.314063E-03 0.314063E-03  0.00000      0.00000      13.9271    
  24000.0      1273.00      7.57808     0.838405      1.13110      9.55031     0.596309      0.00000     0.276695E-03 0.276695E-03  0.00000      0.00000      13.9274    
  24000.0      1273.00      7.57847     0.838361      1.13110      9.55031     0.595949      0.00000     0.239287E-03 0.239287E-03  0.00000      0.00000      13.9276    
  24000.0      1273.00      7.57886     0.838316      1.13110      9.55031     0.595589      0.00000     0.201848E-03 0.201848E-03  0.00000      0.00000      13.9279    
  24000.0      1273.00      7.57925     0.838272      1.13110      9.55031     0.595231      0.00000     0.164213E-03 0.164213E-03  0.00000      0.00000      13.9281    
  24000.0      1273.00      7.57963     0.838227      1.13110      9.55031     0.594871      0.00000     0.126567E-03 0.126567E-03  0.00000      0.00000      13.9283    
  24000.0      1273.00      7.58003     0.838183      1.13110      9.55031     0.594512      0.00000     0.888927E-04 0.888927E-04  0.00000      0.00000      13.9286    
  24000.0      1273.00      7.58042     0.838138      1.13110      9.55031     0.594152      0.00000     0.513009E-04 0.513009E-04  0.00000      0.00000      13.9288    
  24000.0      1273.00      7.58081     0.838094      1.13110      9.55031     0.593790      0.00000     0.134630E-04 0.134630E-04  0.00000      0.00000      13.9291    
  24000.0      1273.00      7.58120     0.838050      1.13110      9.55030     0.593414      0.00000      0.00000      0.00000      0.00000      0.00000      13.9293    
  24000.0      1273.00      7.58159     0.838006      1.13110      9.55030     0.593025      0.00000     0.135348E-05 0.135348E-05  0.00000      0.00000      13.9296    
  24000.0      1273.00      7.58198     0.837962      1.13110      9.55030     0.592639      0.00000      0.00000      0.00000      0.00000      0.00000      13.9298    
  24000.0      1273.00      7.58237     0.837919      1.13110      9.55030     0.592255      0.00000      0.00000      0.00000      0.00000      0.00000      13.9301    
