  24000.0      1273.00              NaN          NaN          NaN          NaN          NaN          NaN          NaN          NaN          NaN          NaN          NaN          NaN
  24000.0      1273.00     0.604878E-01 0.593357E-03 0.409803E-04 0.151639E-07 0.115529E-05 0.655111E-04 0.139098E-01 0.297527E-03 0.499865E-01 0.123695E-01 0.231450E-02 0.411221E-01
  24000.0      1273.00     0.582382E-01 0.629088E-03 0.825631E-04 0.348813E-07 0.553177E-06 0.362340E-04 0.130451E-01 0.189560E-03 0.498786E-01 0.123695E-01 0.414500E-03 0.412148E-01
  24000.0      1273.00     0.581910E-01 0.623535E-03 0.795916E-04 0.334343E-07 0.579985E-06 0.432697E-04 0.129076E-01 0.196507E-03 0.498855E-01 0.123695E-01 0.414500E-03 0.411938E-01
  24000.0      1273.00     0.581326E-01 0.616864E-03 0.754840E-04 0.315864E-07 0.611585E-06 0.527570E-04 0.127886E-01 0.203272E-03 0.498923E-01 0.123695E-01 0.414500E-03 0.411705E-01
  24000.0      1273.00     0.580900E-01 0.611407E-03 0.724022E-04 0.302652E-07 0.655576E-06 0.658578E-04 0.126690E-01 0.211709E-03 0.499007E-01 0.123695E-01 0.414500E-03 0.411530E-01
  24000.0      1273.00     0.581345E-01 0.607809E-03 0.648846E-04 0.292294E-07 0.791777E-06 0.846121E-04 0.123569E-01 0.192341E-03 0.498813E-01 0.123695E-01 0.414500E-03 0.410684E-01
  24000.0      1273.00     0.580953E-01 0.602901E-03 0.641499E-04 0.280238E-07 0.766728E-06 0.106298E-03 0.121984E-01 0.218434E-03 0.499074E-01 0.123695E-01 0.414500E-03 0.410599E-01
  24000.0      1273.00     0.580428E-01 0.595382E-03 0.607464E-04 0.254894E-07 0.757616E-06 0.136588E-03 0.120253E-01 0.234307E-03 0.499233E-01 0.123695E-01 0.414500E-03 0.410397E-01
  24000.0      1273.00              NaN          NaN          NaN          NaN          NaN          NaN          NaN          NaN          NaN          NaN          NaN          NaN
  24000.0      1273.00     0.116099     0.118894E-02 0.117761E-03 0.469831E-07 0.147829E-05 0.336193E-03 0.235600E-01 0.498487E-03 0.998765E-01 0.247390E-01 0.829000E-03 0.819981E-01
  24000.0      1273.00     0.580512E-01 0.597490E-03 0.572034E-04 0.238262E-07 0.808183E-06 0.188574E-03 0.116742E-01 0.241406E-03 0.499304E-01 0.123695E-01 0.414500E-03 0.409754E-01
  24000.0      1273.00     0.580811E-01 0.599388E-03 0.569320E-04 0.232931E-07 0.776515E-06 0.214536E-03 0.114797E-01 0.247655E-03 0.499367E-01 0.123695E-01 0.414500E-03 0.409433E-01
  24000.0      1273.00     0.581297E-01 0.599777E-03 0.557927E-04 0.217774E-07 0.732365E-06 0.243104E-03 0.112252E-01 0.256455E-03 0.499455E-01 0.123695E-01 0.414500E-03 0.408942E-01
  24000.0      1273.00     0.590662E-01 0.612058E-03 0.581603E-04 0.217978E-07 0.518634E-06 0.537992E-03 0.837317E-02 0.241170E-03 0.499302E-01 0.123695E-01 0.414500E-03 0.403286E-01
  24000.0      1273.00     0.604129E-01 0.613467E-03 0.549147E-04 0.193251E-07 0.388686E-06 0.658379E-03 0.532950E-02 0.243695E-03 0.499327E-01 0.123695E-01 0.414500E-03 0.396324E-01
  24000.0      1273.00     0.604001E-01 0.612193E-03 0.555900E-04 0.194730E-07 0.388354E-06 0.672285E-03 0.532950E-02 0.243305E-03 0.499323E-01 0.123695E-01 0.414500E-03 0.396431E-01
  24000.0      1273.00     0.604194E-01 0.609565E-03 0.545070E-04 0.190025E-07 0.392939E-06 0.644726E-03 0.532950E-02 0.242975E-03 0.499320E-01 0.123695E-01 0.414500E-03 0.396312E-01
  24000.0      1273.00     0.604153E-01 0.607821E-03 0.542533E-04 0.189435E-07 0.400033E-06 0.642968E-03 0.532950E-02 0.239833E-03 0.499288E-01 0.123695E-01 0.414500E-03 0.396318E-01
  24000.0      1273.00     0.604089E-01 0.606434E-03 0.550654E-04 0.190144E-07 0.395659E-06 0.656215E-03 0.532950E-02 0.242969E-03 0.499320E-01 0.123695E-01 0.414500E-03 0.396467E-01
  24000.0      1273.00     0.604180E-01 0.604214E-03 0.545111E-04 0.187226E-07 0.399108E-06 0.644041E-03 0.532950E-02 0.243126E-03 0.499321E-01 0.123695E-01 0.414500E-03 0.396457E-01
  24000.0      1273.00     0.604150E-01 0.602478E-03 0.546072E-04 0.186435E-07 0.398601E-06 0.648337E-03 0.532950E-02 0.243418E-03 0.499324E-01 0.123695E-01 0.414500E-03 0.396553E-01
  24000.0      1273.00     0.604311E-01 0.599940E-03 0.535257E-04 0.181993E-07 0.406425E-06 0.627537E-03 0.532950E-02 0.243252E-03 0.499323E-01 0.123695E-01 0.414500E-03 0.396509E-01
  24000.0      1273.00     0.604147E-01 0.598927E-03 0.545598E-04 0.184257E-07 0.403633E-06 0.652762E-03 0.532950E-02 0.244572E-03 0.499336E-01 0.123695E-01 0.414500E-03 0.396763E-01
  24000.0      1273.00     0.604194E-01 0.597012E-03 0.542764E-04 0.182372E-07 0.407399E-06 0.650199E-03 0.532950E-02 0.245272E-03 0.499343E-01 0.123695E-01 0.414500E-03 0.396863E-01
  24000.0      1273.00     0.604159E-01 0.595548E-03 0.544045E-04 0.182111E-07 0.410809E-06 0.656980E-03 0.532950E-02 0.245524E-03 0.499345E-01 0.123695E-01 0.414500E-03 0.397008E-01
  24000.0      1273.00     0.604201E-01 0.593581E-03 0.541029E-04 0.180393E-07 0.416509E-06 0.657595E-03 0.532950E-02 0.246259E-03 0.499353E-01 0.123695E-01 0.414500E-03 0.397176E-01
  24000.0      1273.00     0.604268E-01 0.591550E-03 0.536418E-04 0.177867E-07 0.420183E-06 0.654548E-03 0.532950E-02 0.247492E-03 0.499365E-01 0.123695E-01 0.414500E-03 0.397321E-01
  24000.0      1273.00     0.604344E-01 0.589569E-03 0.531886E-04 0.175195E-07 0.429515E-06 0.653077E-03 0.532950E-02 0.249794E-03 0.499388E-01 0.123695E-01 0.414500E-03 0.397498E-01
  24000.0      1273.00     0.604280E-01 0.588366E-03 0.537125E-04 0.175992E-07 0.430189E-06 0.671062E-03 0.532950E-02 0.251485E-03 0.499405E-01 0.123695E-01 0.414500E-03 0.397811E-01
  24000.0      1273.00     0.604266E-01 0.586805E-03 0.537318E-04 0.175307E-07 0.433513E-06 0.682867E-03 0.532950E-02 0.253092E-03 0.499421E-01 0.123695E-01 0.414500E-03 0.398119E-01
  24000.0      1273.00     0.604352E-01 0.584876E-03 0.532579E-04 0.172613E-07 0.439675E-06 0.683242E-03 0.532950E-02 0.255580E-03 0.499446E-01 0.123695E-01 0.414500E-03 0.398373E-01
  24000.0      1273.00     0.604417E-01 0.583151E-03 0.529864E-04 0.170659E-07 0.445855E-06 0.687806E-03 0.532950E-02 0.258413E-03 0.499474E-01 0.123695E-01 0.414500E-03 0.398662E-01
  24000.0      1273.00     0.604453E-01 0.581551E-03 0.527811E-04 0.169279E-07 0.452322E-06 0.695154E-03 0.532950E-02 0.260412E-03 0.499494E-01 0.123695E-01 0.414500E-03 0.398972E-01
  24000.0      1273.00     0.604567E-01 0.579660E-03 0.521879E-04 0.166387E-07 0.460173E-06 0.695328E-03 0.532950E-02 0.263488E-03 0.499525E-01 0.123695E-01 0.414500E-03 0.399276E-01
  24000.0      1273.00     0.604562E-01 0.578284E-03 0.522110E-04 0.165643E-07 0.465946E-06 0.710550E-03 0.532950E-02 0.266072E-03 0.499551E-01 0.123695E-01 0.414500E-03 0.399679E-01
  24000.0      1273.00     0.604562E-01 0.576957E-03 0.521456E-04 0.165011E-07 0.474133E-06 0.722766E-03 0.532950E-02 0.267715E-03 0.499567E-01 0.123695E-01 0.414500E-03 0.400033E-01
  24000.0      1273.00     0.604662E-01 0.575275E-03 0.516750E-04 0.162515E-07 0.480939E-06 0.727432E-03 0.532950E-02 0.271315E-03 0.499603E-01 0.123695E-01 0.414500E-03 0.400406E-01
  24000.0      1273.00     0.604664E-01 0.574149E-03 0.517307E-04 0.162122E-07 0.486677E-06 0.738982E-03 0.532950E-02 0.273351E-03 0.499624E-01 0.123695E-01 0.414500E-03 0.400722E-01
  24000.0      1273.00     0.604742E-01 0.572647E-03 0.513465E-04 0.160109E-07 0.494481E-06 0.744883E-03 0.532950E-02 0.276441E-03 0.499654E-01 0.123695E-01 0.414500E-03 0.401080E-01
  24000.0      1273.00     0.604809E-01 0.571102E-03 0.509618E-04 0.158030E-07 0.502695E-06 0.757025E-03 0.532950E-02 0.280288E-03 0.499693E-01 0.123695E-01 0.414500E-03 0.401578E-01
  24000.0      1273.00     0.604953E-01 0.569518E-03 0.503140E-04 0.155151E-07 0.511794E-06 0.755304E-03 0.532950E-02 0.284001E-03 0.499730E-01 0.123695E-01 0.414500E-03 0.401881E-01
  24000.0      1273.00     0.605008E-01 0.568294E-03 0.500660E-04 0.153811E-07 0.518973E-06 0.763201E-03 0.532950E-02 0.286707E-03 0.499757E-01 0.123695E-01 0.414500E-03 0.402230E-01
  24000.0      1273.00     0.604987E-01 0.567438E-03 0.501608E-04 0.153651E-07 0.523647E-06 0.775949E-03 0.532950E-02 0.288103E-03 0.499771E-01 0.123695E-01 0.414500E-03 0.402540E-01
  24000.0      1273.00     0.605069E-01 0.566133E-03 0.497986E-04 0.151883E-07 0.531865E-06 0.782565E-03 0.532950E-02 0.291542E-03 0.499805E-01 0.123695E-01 0.414500E-03 0.402912E-01
  24000.0      1273.00     0.605202E-01 0.564702E-03 0.491660E-04 0.149391E-07 0.541504E-06 0.780677E-03 0.532950E-02 0.294664E-03 0.499837E-01 0.123695E-01 0.414500E-03 0.403192E-01
  24000.0      1273.00     0.605222E-01 0.563725E-03 0.490611E-04 0.148498E-07 0.547976E-06 0.794797E-03 0.532950E-02 0.297547E-03 0.499865E-01 0.123695E-01 0.414500E-03 0.403617E-01
  24000.0      1273.00     0.605191E-01 0.563096E-03 0.492133E-04 0.148681E-07 0.550825E-06 0.806298E-03 0.532950E-02 0.298443E-03 0.499874E-01 0.123695E-01 0.414500E-03 0.403863E-01
  24000.0      1273.00     0.605332E-01 0.561722E-03 0.485589E-04 0.145959E-07 0.560830E-06 0.806664E-03 0.532950E-02 0.302480E-03 0.499915E-01 0.123695E-01 0.414500E-03 0.404209E-01
  24000.0      1273.00     0.605426E-01 0.560800E-03 0.482361E-04 0.144498E-07 0.566996E-06 0.802280E-03 0.532950E-02 0.304574E-03 0.499936E-01 0.123695E-01 0.414500E-03 0.404312E-01
  24000.0      1273.00     0.605550E-01 0.559668E-03 0.476919E-04 0.142421E-07 0.575504E-06 0.801056E-03 0.532950E-02 0.307653E-03 0.499967E-01 0.123695E-01 0.414500E-03 0.404570E-01
  24000.0      1273.00     0.605483E-01 0.558998E-03 0.478868E-04 0.142916E-07 0.583376E-06 0.821821E-03 0.532950E-02 0.308689E-03 0.499977E-01 0.123695E-01 0.414500E-03 0.404998E-01
  24000.0      1273.00     0.605598E-01 0.557958E-03 0.474077E-04 0.140596E-07 0.587430E-06 0.822494E-03 0.532950E-02 0.312510E-03 0.500015E-01 0.123695E-01 0.414500E-03 0.405272E-01
  24000.0      1273.00     0.605606E-01 0.557377E-03 0.474282E-04 0.140255E-07 0.590199E-06 0.829263E-03 0.532950E-02 0.314033E-03 0.500030E-01 0.123695E-01 0.414500E-03 0.405471E-01
  24000.0      1273.00     0.605577E-01 0.556726E-03 0.474564E-04 0.140045E-07 0.594021E-06 0.844483E-03 0.532950E-02 0.315406E-03 0.500044E-01 0.123695E-01 0.414500E-03 0.405833E-01
  24000.0      1273.00     0.605692E-01 0.555854E-03 0.469113E-04 0.138395E-07 0.604970E-06 0.836621E-03 0.532950E-02 0.316628E-03 0.500056E-01 0.123695E-01 0.414500E-03 0.405909E-01
  24000.0      1273.00     0.605638E-01 0.555473E-03 0.472540E-04 0.138695E-07 0.601074E-06 0.853704E-03 0.532950E-02 0.318889E-03 0.500079E-01 0.123695E-01 0.414500E-03 0.406221E-01
  24000.0      1273.00     0.605779E-01 0.554482E-03 0.465109E-04 0.136434E-07 0.612797E-06 0.842901E-03 0.532950E-02 0.320315E-03 0.500093E-01 0.123695E-01 0.414500E-03 0.406295E-01
  24000.0      1273.00     0.605829E-01 0.554110E-03 0.465760E-04 0.136281E-07 0.616674E-06 0.838058E-03 0.532950E-02 0.321734E-03 0.500107E-01 0.123695E-01 0.414500E-03 0.406242E-01
  24000.0      1273.00     0.605823E-01 0.553350E-03 0.464609E-04 0.135402E-07 0.617548E-06 0.855959E-03 0.532950E-02 0.324346E-03 0.500133E-01 0.123695E-01 0.414500E-03 0.406725E-01
  24000.0      1273.00     0.605856E-01 0.552829E-03 0.463546E-04 0.134773E-07 0.620748E-06 0.858524E-03 0.532950E-02 0.325786E-03 0.500148E-01 0.123695E-01 0.414500E-03 0.406869E-01
  24000.0      1273.00     0.605906E-01 0.552269E-03 0.461413E-04 0.133949E-07 0.626139E-06 0.857451E-03 0.532950E-02 0.326857E-03 0.500159E-01 0.123695E-01 0.414500E-03 0.406964E-01
  24000.0      1273.00     0.605934E-01 0.551762E-03 0.459076E-04 0.133317E-07 0.633010E-06 0.857275E-03 0.532950E-02 0.326934E-03 0.500159E-01 0.123695E-01 0.414500E-03 0.407058E-01
  24000.0      1273.00     0.605932E-01 0.551320E-03 0.460415E-04 0.133064E-07 0.630482E-06 0.867407E-03 0.532950E-02 0.329433E-03 0.500184E-01 0.123695E-01 0.414500E-03 0.407296E-01
  24000.0      1273.00     0.605926E-01 0.550932E-03 0.459496E-04 0.132920E-07 0.635666E-06 0.870047E-03 0.532950E-02 0.328959E-03 0.500180E-01 0.123695E-01 0.414500E-03 0.407390E-01
  24000.0      1273.00     0.605944E-01 0.550505E-03 0.459753E-04 0.132496E-07 0.635769E-06 0.874472E-03 0.532950E-02 0.330880E-03 0.500199E-01 0.123695E-01 0.414500E-03 0.407531E-01
  24000.0      1273.00     0.605971E-01 0.550114E-03 0.459075E-04 0.132186E-07 0.637753E-06 0.873529E-03 0.532950E-02 0.331427E-03 0.500204E-01 0.123695E-01 0.414500E-03 0.407571E-01
  24000.0      1273.00     0.605893E-01 0.549854E-03 0.460848E-04 0.132548E-07 0.637969E-06 0.888509E-03 0.532950E-02 0.331305E-03 0.500203E-01 0.123695E-01 0.414500E-03 0.407823E-01
  24000.0      1273.00     0.606062E-01 0.549286E-03 0.456388E-04 0.131023E-07 0.643020E-06 0.869885E-03 0.532950E-02 0.333531E-03 0.500225E-01 0.123695E-01 0.414500E-03 0.407670E-01
  24000.0      1273.00     0.605973E-01 0.549091E-03 0.458885E-04 0.131618E-07 0.642714E-06 0.884354E-03 0.532950E-02 0.333175E-03 0.500222E-01 0.123695E-01 0.414500E-03 0.407884E-01
  24000.0      1273.00     0.605982E-01 0.548749E-03 0.458805E-04 0.131368E-07 0.644569E-06 0.887174E-03 0.532950E-02 0.333999E-03 0.500230E-01 0.123695E-01 0.414500E-03 0.407979E-01
  24000.0      1273.00     0.605967E-01 0.548589E-03 0.459869E-04 0.131585E-07 0.644291E-06 0.890311E-03 0.532950E-02 0.334101E-03 0.500231E-01 0.123695E-01 0.414500E-03 0.408028E-01
  24000.0      1273.00     0.606069E-01 0.547927E-03 0.455448E-04 0.130010E-07 0.651080E-06 0.883039E-03 0.532950E-02 0.335830E-03 0.500248E-01 0.123695E-01 0.414500E-03 0.408076E-01
  24000.0      1273.00     0.606070E-01 0.547666E-03 0.455443E-04 0.129863E-07 0.652247E-06 0.885297E-03 0.532950E-02 0.336258E-03 0.500253E-01 0.123695E-01 0.414500E-03 0.408145E-01
  24000.0      1273.00     0.606023E-01 0.547271E-03 0.455892E-04 0.129744E-07 0.653513E-06 0.897636E-03 0.532950E-02 0.336741E-03 0.500257E-01 0.123695E-01 0.414500E-03 0.408397E-01
  24000.0      1273.00     0.606140E-01 0.546858E-03 0.452664E-04 0.128672E-07 0.656849E-06 0.885234E-03 0.532950E-02 0.338264E-03 0.500273E-01 0.123695E-01 0.414500E-03 0.408303E-01
  24000.0      1273.00     0.606155E-01 0.546583E-03 0.452202E-04 0.128399E-07 0.658224E-06 0.885960E-03 0.532950E-02 0.338823E-03 0.500278E-01 0.123695E-01 0.414500E-03 0.408358E-01
  24000.0      1273.00     0.606182E-01 0.546186E-03 0.450700E-04 0.127802E-07 0.662277E-06 0.887465E-03 0.532950E-02 0.340008E-03 0.500290E-01 0.123695E-01 0.414500E-03 0.408468E-01
  24000.0      1273.00     0.606134E-01 0.545988E-03 0.452268E-04 0.128021E-07 0.661122E-06 0.895751E-03 0.532950E-02 0.339856E-03 0.500289E-01 0.123695E-01 0.414500E-03 0.408595E-01
  24000.0      1273.00     0.606032E-01 0.545970E-03 0.454999E-04 0.129049E-07 0.663246E-06 0.900868E-03 0.532950E-02 0.337150E-03 0.500262E-01 0.123695E-01 0.414500E-03 0.408557E-01
  24000.0      1273.00     0.606075E-01 0.545625E-03 0.453781E-04 0.128348E-07 0.663512E-06 0.903812E-03 0.532950E-02 0.339284E-03 0.500283E-01 0.123695E-01 0.414500E-03 0.408713E-01
  24000.0      1273.00     0.606090E-01 0.545567E-03 0.454660E-04 0.128641E-07 0.662450E-06 0.901458E-03 0.532950E-02 0.339286E-03 0.500283E-01 0.123695E-01 0.414500E-03 0.408665E-01
  24000.0      1273.00     0.606100E-01 0.545155E-03 0.452898E-04 0.127768E-07 0.664995E-06 0.905514E-03 0.532950E-02 0.340290E-03 0.500293E-01 0.123695E-01 0.414500E-03 0.408816E-01
  24000.0      1273.00     0.606105E-01 0.545072E-03 0.454344E-04 0.128325E-07 0.664789E-06 0.902956E-03 0.532950E-02 0.340041E-03 0.500290E-01 0.123695E-01 0.414500E-03 0.408744E-01
  24000.0      1273.00     0.606175E-01 0.544608E-03 0.451138E-04 0.127016E-07 0.669981E-06 0.898943E-03 0.532950E-02 0.341692E-03 0.500307E-01 0.123695E-01 0.414500E-03 0.408802E-01
  24000.0      1273.00     0.606142E-01 0.544407E-03 0.452031E-04 0.127198E-07 0.669512E-06 0.904501E-03 0.532950E-02 0.341515E-03 0.500305E-01 0.123695E-01 0.414500E-03 0.408893E-01
  24000.0      1273.00     0.606122E-01 0.544357E-03 0.452600E-04 0.127459E-07 0.670353E-06 0.903837E-03 0.532950E-02 0.340536E-03 0.500295E-01 0.123695E-01 0.414500E-03 0.408846E-01
  24000.0      1273.00     0.606200E-01 0.543914E-03 0.450005E-04 0.126600E-07 0.674977E-06 0.898440E-03 0.532950E-02 0.341974E-03 0.500310E-01 0.123695E-01 0.414500E-03 0.408865E-01
  24000.0      1273.00     0.606359E-01 0.543259E-03 0.443213E-04 0.124348E-07 0.682863E-06 0.884193E-03 0.532950E-02 0.344190E-03 0.500332E-01 0.123695E-01 0.414500E-03 0.408846E-01
  24000.0      1273.00     0.606104E-01 0.543635E-03 0.452585E-04 0.127101E-07 0.672564E-06 0.911771E-03 0.532950E-02 0.341361E-03 0.500304E-01 0.123695E-01 0.414500E-03 0.409041E-01
  24000.0      1273.00     0.606251E-01 0.543179E-03 0.448441E-04 0.125495E-07 0.675014E-06 0.901487E-03 0.532950E-02 0.344394E-03 0.500334E-01 0.123695E-01 0.414500E-03 0.409049E-01
  24000.0      1273.00     0.606242E-01 0.543030E-03 0.448949E-04 0.125614E-07 0.676486E-06 0.902611E-03 0.532950E-02 0.344270E-03 0.500333E-01 0.123695E-01 0.414500E-03 0.409065E-01
  24000.0      1273.00     0.606240E-01 0.542723E-03 0.447726E-04 0.125071E-07 0.678111E-06 0.905711E-03 0.532950E-02 0.344538E-03 0.500335E-01 0.123695E-01 0.414500E-03 0.409166E-01
  24000.0      1273.00     0.606182E-01 0.542716E-03 0.450294E-04 0.125746E-07 0.675388E-06 0.911846E-03 0.532950E-02 0.343999E-03 0.500330E-01 0.123695E-01 0.414500E-03 0.409205E-01
  24000.0      1273.00     0.606236E-01 0.542476E-03 0.449014E-04 0.125288E-07 0.676885E-06 0.906808E-03 0.532950E-02 0.344872E-03 0.500339E-01 0.123695E-01 0.414500E-03 0.409176E-01
  24000.0      1273.00     0.606220E-01 0.542398E-03 0.449980E-04 0.125581E-07 0.678152E-06 0.906461E-03 0.532950E-02 0.344353E-03 0.500334E-01 0.123695E-01 0.414500E-03 0.409140E-01
  24000.0      1273.00     0.606242E-01 0.542188E-03 0.449234E-04 0.125275E-07 0.679575E-06 0.905437E-03 0.532950E-02 0.344831E-03 0.500338E-01 0.123695E-01 0.414500E-03 0.409162E-01
  24000.0      1273.00     0.606259E-01 0.541996E-03 0.449232E-04 0.125196E-07 0.681382E-06 0.905015E-03 0.532950E-02 0.345414E-03 0.500344E-01 0.123695E-01 0.414500E-03 0.409179E-01
  24000.0      1273.00     0.606165E-01 0.541973E-03 0.451166E-04 0.125707E-07 0.678173E-06 0.914356E-03 0.532950E-02 0.343854E-03 0.500329E-01 0.123695E-01 0.414500E-03 0.409262E-01
  24000.0      1273.00     0.606171E-01 0.541807E-03 0.450980E-04 0.125545E-07 0.679007E-06 0.914712E-03 0.532950E-02 0.344095E-03 0.500331E-01 0.123695E-01 0.414500E-03 0.409286E-01
  24000.0      1273.00     0.606287E-01 0.541231E-03 0.446309E-04 0.123929E-07 0.684766E-06 0.906859E-03 0.532950E-02 0.346296E-03 0.500353E-01 0.123695E-01 0.414500E-03 0.409330E-01
  24000.0      1273.00     0.606294E-01 0.541124E-03 0.446525E-04 0.123964E-07 0.684986E-06 0.906874E-03 0.532950E-02 0.346471E-03 0.500355E-01 0.123695E-01 0.414500E-03 0.409337E-01
  24000.0      1273.00     0.606290E-01 0.540937E-03 0.446150E-04 0.123722E-07 0.685624E-06 0.908173E-03 0.532950E-02 0.346572E-03 0.500356E-01 0.123695E-01 0.414500E-03 0.409376E-01
  24000.0      1273.00     0.606235E-01 0.540932E-03 0.447932E-04 0.124220E-07 0.684748E-06 0.913843E-03 0.532950E-02 0.345910E-03 0.500349E-01 0.123695E-01 0.414500E-03 0.409420E-01
  24000.0      1273.00     0.606302E-01 0.540632E-03 0.446015E-04 0.123557E-07 0.687728E-06 0.907492E-03 0.532950E-02 0.346873E-03 0.500359E-01 0.123695E-01 0.414500E-03 0.409390E-01
  24000.0      1273.00     0.606303E-01 0.540493E-03 0.445998E-04 0.123487E-07 0.688207E-06 0.907916E-03 0.532950E-02 0.346995E-03 0.500360E-01 0.123695E-01 0.414500E-03 0.409407E-01
  24000.0      1273.00     0.606266E-01 0.540508E-03 0.447776E-04 0.123982E-07 0.687065E-06 0.911345E-03 0.532950E-02 0.346547E-03 0.500355E-01 0.123695E-01 0.414500E-03 0.409418E-01
  24000.0      1273.00     0.606305E-01 0.540171E-03 0.445452E-04 0.123183E-07 0.688659E-06 0.909347E-03 0.532950E-02 0.347148E-03 0.500361E-01 0.123695E-01 0.414500E-03 0.409460E-01
  24000.0      1273.00     0.606298E-01 0.540273E-03 0.448525E-04 0.124172E-07 0.689405E-06 0.907335E-03 0.532950E-02 0.347053E-03 0.500361E-01 0.123695E-01 0.414500E-03 0.409362E-01
  24000.0      1273.00     0.606326E-01 0.539979E-03 0.446239E-04 0.123326E-07 0.691032E-06 0.905707E-03 0.532950E-02 0.347445E-03 0.500364E-01 0.123695E-01 0.414500E-03 0.409396E-01
  24000.0      1273.00     0.606388E-01 0.539592E-03 0.441771E-04 0.122357E-07 0.719658E-06 0.896913E-03 0.532950E-02 0.346976E-03 0.500360E-01 0.123695E-01 0.414500E-03 0.409333E-01
  24000.0      1273.00     0.606303E-01 0.539601E-03 0.445572E-04 0.122818E-07 0.691172E-06 0.911627E-03 0.532950E-02 0.347740E-03 0.500367E-01 0.123695E-01 0.414500E-03 0.409530E-01
  24000.0      1273.00     0.606306E-01 0.539456E-03 0.445427E-04 0.122709E-07 0.691795E-06 0.911738E-03 0.532950E-02 0.347864E-03 0.500369E-01 0.123695E-01 0.414500E-03 0.409544E-01
  24000.0      1273.00     0.606312E-01 0.539307E-03 0.445184E-04 0.122570E-07 0.692482E-06 0.911621E-03 0.532950E-02 0.348010E-03 0.500370E-01 0.123695E-01 0.414500E-03 0.409557E-01
  24000.0      1273.00     0.606328E-01 0.539144E-03 0.444489E-04 0.122307E-07 0.693643E-06 0.910512E-03 0.532950E-02 0.348245E-03 0.500372E-01 0.123695E-01 0.414500E-03 0.409566E-01
  24000.0      1273.00     0.606331E-01 0.539000E-03 0.444380E-04 0.122217E-07 0.694160E-06 0.910708E-03 0.532950E-02 0.348347E-03 0.500373E-01 0.123695E-01 0.414500E-03 0.409580E-01
  24000.0      1273.00     0.606328E-01 0.538884E-03 0.444499E-04 0.122179E-07 0.694398E-06 0.911251E-03 0.532950E-02 0.348407E-03 0.500374E-01 0.123695E-01 0.414500E-03 0.409592E-01
  24000.0      1273.00     0.606345E-01 0.538708E-03 0.443776E-04 0.121913E-07 0.695515E-06 0.910152E-03 0.532950E-02 0.348646E-03 0.500376E-01 0.123695E-01 0.414500E-03 0.409602E-01
  24000.0      1273.00     0.606315E-01 0.538712E-03 0.445516E-04 0.122287E-07 0.692107E-06 0.913914E-03 0.532950E-02 0.348617E-03 0.500376E-01 0.123695E-01 0.414500E-03 0.409627E-01
  24000.0      1273.00     0.606313E-01 0.538600E-03 0.445651E-04 0.122266E-07 0.692272E-06 0.914406E-03 0.532950E-02 0.348652E-03 0.500377E-01 0.123695E-01 0.414500E-03 0.409638E-01
  24000.0      1273.00     0.606336E-01 0.538396E-03 0.444530E-04 0.121853E-07 0.694045E-06 0.912703E-03 0.532950E-02 0.349057E-03 0.500381E-01 0.123695E-01 0.414500E-03 0.409648E-01
  24000.0      1273.00     0.606335E-01 0.538291E-03 0.444645E-04 0.121834E-07 0.694199E-06 0.912920E-03 0.532950E-02 0.349088E-03 0.500381E-01 0.123695E-01 0.414500E-03 0.409654E-01
  24000.0      1273.00     0.606336E-01 0.538174E-03 0.444640E-04 0.121769E-07 0.694513E-06 0.913094E-03 0.532950E-02 0.349158E-03 0.500382E-01 0.123695E-01 0.414500E-03 0.409663E-01
  24000.0      1273.00     0.606337E-01 0.538062E-03 0.444633E-04 0.121706E-07 0.694818E-06 0.913272E-03 0.532950E-02 0.349223E-03 0.500382E-01 0.123695E-01 0.414500E-03 0.409672E-01
  24000.0      1273.00     0.606344E-01 0.538031E-03 0.445268E-04 0.121935E-07 0.699514E-06 0.911065E-03 0.532950E-02 0.349266E-03 0.500383E-01 0.123695E-01 0.414500E-03 0.409628E-01
  24000.0      1273.00     0.606352E-01 0.537872E-03 0.444801E-04 0.121717E-07 0.700252E-06 0.910700E-03 0.532950E-02 0.349454E-03 0.500385E-01 0.123695E-01 0.414500E-03 0.409641E-01
  24000.0      1273.00     0.606354E-01 0.537727E-03 0.444751E-04 0.121648E-07 0.700783E-06 0.910896E-03 0.532950E-02 0.349565E-03 0.500386E-01 0.123695E-01 0.414500E-03 0.409653E-01
  24000.0      1273.00     0.606358E-01 0.537621E-03 0.444536E-04 0.121515E-07 0.701240E-06 0.910851E-03 0.532950E-02 0.349648E-03 0.500386E-01 0.123695E-01 0.414500E-03 0.409662E-01
  24000.0      1273.00     0.606370E-01 0.537446E-03 0.443716E-04 0.121198E-07 0.703542E-06 0.909492E-03 0.532950E-02 0.349798E-03 0.500388E-01 0.123695E-01 0.414500E-03 0.409664E-01
  24000.0      1273.00     0.606356E-01 0.537401E-03 0.444596E-04 0.121426E-07 0.702773E-06 0.911263E-03 0.532950E-02 0.349712E-03 0.500387E-01 0.123695E-01 0.414500E-03 0.409678E-01
  24000.0      1273.00     0.606358E-01 0.537271E-03 0.444398E-04 0.121299E-07 0.703147E-06 0.911439E-03 0.532950E-02 0.349797E-03 0.500388E-01 0.123695E-01 0.414500E-03 0.409690E-01
  24000.0      1273.00     0.606367E-01 0.537139E-03 0.444047E-04 0.121133E-07 0.703814E-06 0.910880E-03 0.532950E-02 0.349959E-03 0.500390E-01 0.123695E-01 0.414500E-03 0.409697E-01
  24000.0      1273.00     0.606369E-01 0.536965E-03 0.443564E-04 0.120790E-07 0.698448E-06 0.912957E-03 0.532950E-02 0.350307E-03 0.500393E-01 0.123695E-01 0.414500E-03 0.409751E-01
  24000.0      1273.00     0.606378E-01 0.536839E-03 0.443247E-04 0.120638E-07 0.699079E-06 0.912394E-03 0.532950E-02 0.350473E-03 0.500395E-01 0.123695E-01 0.414500E-03 0.409756E-01
  24000.0      1273.00     0.606379E-01 0.536729E-03 0.443179E-04 0.120560E-07 0.699489E-06 0.912415E-03 0.532950E-02 0.350533E-03 0.500395E-01 0.123695E-01 0.414500E-03 0.409763E-01
  24000.0      1273.00     0.606367E-01 0.536659E-03 0.443601E-04 0.120636E-07 0.699111E-06 0.913800E-03 0.532950E-02 0.350383E-03 0.500394E-01 0.123695E-01 0.414500E-03 0.409776E-01
  24000.0      1273.00     0.606365E-01 0.536581E-03 0.443761E-04 0.120676E-07 0.699716E-06 0.913734E-03 0.532950E-02 0.350273E-03 0.500393E-01 0.123695E-01 0.414500E-03 0.409774E-01
  24000.0      1273.00     0.606321E-01 0.536329E-03 0.442377E-04 0.120508E-07 0.708936E-06 0.914694E-03 0.532950E-02 0.348225E-03 0.500372E-01 0.123695E-01 0.414500E-03 0.409779E-01
  24000.0      1273.00     0.606345E-01 0.536324E-03 0.441586E-04 0.120694E-07 0.708083E-06 0.910488E-03 0.532950E-02 0.347433E-03 0.500364E-01 0.123695E-01 0.414500E-03 0.409725E-01
  24000.0      1273.00     0.606345E-01 0.536240E-03 0.441584E-04 0.120610E-07 0.708334E-06 0.910654E-03 0.532950E-02 0.347466E-03 0.500365E-01 0.123695E-01 0.414500E-03 0.409732E-01
  24000.0      1273.00     0.606317E-01 0.536286E-03 0.443864E-04 0.121264E-07 0.705536E-06 0.912812E-03 0.532950E-02 0.347380E-03 0.500364E-01 0.123695E-01 0.414500E-03 0.409718E-01
  24000.0      1273.00     0.606344E-01 0.535933E-03 0.440572E-04 0.120184E-07 0.718868E-06 0.909368E-03 0.532950E-02 0.346919E-03 0.500359E-01 0.123695E-01 0.414500E-03 0.409729E-01
  24000.0      1273.00     0.606395E-01 0.535926E-03 0.443034E-04 0.120129E-07 0.702082E-06 0.911962E-03 0.532950E-02 0.351011E-03 0.500400E-01 0.123695E-01 0.414500E-03 0.409797E-01
  24000.0      1273.00     0.605900E-01 0.535209E-03 0.438813E-04 0.118665E-07 0.709145E-06 0.926212E-03 0.532950E-02 0.329717E-03 0.500187E-01 0.123695E-01 0.414500E-03 0.409709E-01
  24000.0      1273.00     0.604590E-01 0.533954E-03 0.432463E-04 0.116669E-07 0.725541E-06 0.967517E-03 0.532950E-02 0.275328E-03 0.499643E-01 0.123695E-01 0.414500E-03 0.409466E-01
  24000.0      1273.00     0.606349E-01 0.535473E-03 0.440129E-04 0.119505E-07 0.714871E-06 0.907992E-03 0.532950E-02 0.346672E-03 0.500357E-01 0.123695E-01 0.414500E-03 0.409729E-01
  24000.0      1273.00     0.605495E-01 0.534415E-03 0.434938E-04 0.117388E-07 0.720629E-06 0.935191E-03 0.532950E-02 0.311000E-03 0.500000E-01 0.123695E-01 0.414500E-03 0.409598E-01
  24000.0      1273.00     0.605421E-01 0.534560E-03 0.438125E-04 0.118337E-07 0.715663E-06 0.944342E-03 0.532950E-02 0.311000E-03 0.500000E-01 0.123695E-01 0.414500E-03 0.409664E-01
  24000.0      1273.00     0.604843E-01 0.533414E-03 0.429251E-04 0.115409E-07 0.728512E-06 0.954030E-03 0.532950E-02 0.283122E-03 0.499721E-01 0.123695E-01 0.414500E-03 0.409484E-01
  24000.0      1273.00     0.605979E-01 0.535051E-03 0.442601E-04 0.119856E-07 0.715203E-06 0.928446E-03 0.532950E-02 0.335334E-03 0.500243E-01 0.123695E-01 0.414500E-03 0.409777E-01
  24000.0      1273.00     0.605559E-01 0.534129E-03 0.435718E-04 0.117358E-07 0.717328E-06 0.935141E-03 0.532950E-02 0.314544E-03 0.500035E-01 0.123695E-01 0.414500E-03 0.409652E-01
  24000.0      1273.00     0.605431E-01 0.534135E-03 0.437388E-04 0.117865E-07 0.716731E-06 0.942577E-03 0.532950E-02 0.311000E-03 0.500000E-01 0.123695E-01 0.414500E-03 0.409666E-01
  24000.0      1273.00     0.605474E-01 0.533876E-03 0.435271E-04 0.117276E-07 0.722168E-06 0.937526E-03 0.532950E-02 0.311000E-03 0.500000E-01 0.123695E-01 0.414500E-03 0.409640E-01
  24000.0      1273.00     0.605475E-01 0.533806E-03 0.435311E-04 0.117350E-07 0.724188E-06 0.936925E-03 0.532950E-02 0.311000E-03 0.500000E-01 0.123695E-01 0.414500E-03 0.409634E-01
  24000.0      1273.00     0.605476E-01 0.533657E-03 0.434833E-04 0.116993E-07 0.721735E-06 0.937297E-03 0.532950E-02 0.311000E-03 0.500000E-01 0.123695E-01 0.414500E-03 0.409649E-01
  24000.0      1273.00     0.605473E-01 0.533561E-03 0.434749E-04 0.116892E-07 0.720940E-06 0.937690E-03 0.532950E-02 0.311000E-03 0.500000E-01 0.123695E-01 0.414500E-03 0.409657E-01
  24000.0      1273.00     0.605468E-01 0.533533E-03 0.435405E-04 0.117252E-07 0.725174E-06 0.937932E-03 0.532950E-02 0.311000E-03 0.500000E-01 0.123695E-01 0.414500E-03 0.409655E-01
  24000.0      1273.00     0.605437E-01 0.533659E-03 0.437897E-04 0.117867E-07 0.720864E-06 0.942813E-03 0.532950E-02 0.311000E-03 0.500000E-01 0.123695E-01 0.414500E-03 0.409686E-01
  24000.0      1273.00     0.605480E-01 0.533453E-03 0.436447E-04 0.117366E-07 0.723098E-06 0.937624E-03 0.532950E-02 0.311000E-03 0.500000E-01 0.123695E-01 0.414500E-03 0.409645E-01
  24000.0      1273.00     0.605473E-01 0.533325E-03 0.436163E-04 0.117179E-07 0.723796E-06 0.938538E-03 0.532950E-02 0.311000E-03 0.500000E-01 0.123695E-01 0.414500E-03 0.409663E-01
  24000.0      1273.00     0.605473E-01 0.533243E-03 0.436149E-04 0.117142E-07 0.723985E-06 0.938569E-03 0.532950E-02 0.311000E-03 0.500000E-01 0.123695E-01 0.414500E-03 0.409666E-01
  24000.0      1273.00     0.605469E-01 0.533148E-03 0.436148E-04 0.117072E-07 0.723925E-06 0.939030E-03 0.532950E-02 0.311000E-03 0.500000E-01 0.123695E-01 0.414500E-03 0.409675E-01
  24000.0      1273.00     0.605374E-01 0.533347E-03 0.439832E-04 0.118214E-07 0.713596E-06 0.950672E-03 0.532950E-02 0.311000E-03 0.500000E-01 0.123695E-01 0.414500E-03 0.409762E-01
  24000.0      1273.00     0.605332E-01 0.533411E-03 0.442709E-04 0.118809E-07 0.708652E-06 0.956036E-03 0.532950E-02 0.311000E-03 0.500000E-01 0.123695E-01 0.414500E-03 0.409789E-01
  24000.0      1273.00     0.605463E-01 0.532954E-03 0.436752E-04 0.117213E-07 0.723148E-06 0.940081E-03 0.532950E-02 0.311000E-03 0.500000E-01 0.123695E-01 0.414500E-03 0.409688E-01
  24000.0      1273.00     0.605472E-01 0.532764E-03 0.435442E-04 0.116705E-07 0.724439E-06 0.938904E-03 0.532950E-02 0.311000E-03 0.500000E-01 0.123695E-01 0.414500E-03 0.409693E-01
  24000.0      1273.00     0.605464E-01 0.532608E-03 0.434965E-04 0.116436E-07 0.721052E-06 0.939456E-03 0.532950E-02 0.311000E-03 0.500000E-01 0.123695E-01 0.414500E-03 0.409706E-01
  24000.0      1273.00     0.605464E-01 0.532537E-03 0.435044E-04 0.116436E-07 0.721363E-06 0.939485E-03 0.532950E-02 0.311000E-03 0.500000E-01 0.123695E-01 0.414500E-03 0.409708E-01
  24000.0      1273.00     0.605337E-01 0.532157E-03 0.431852E-04 0.115601E-07 0.735854E-06 0.938430E-03 0.532950E-02 0.303360E-03 0.499924E-01 0.123695E-01 0.414500E-03 0.409630E-01
  24000.0      1273.00     0.605349E-01 0.532117E-03 0.432985E-04 0.115583E-07 0.724493E-06 0.941450E-03 0.532950E-02 0.305388E-03 0.499944E-01 0.123695E-01 0.414500E-03 0.409682E-01
  24000.0      1273.00     0.605714E-01 0.532918E-03 0.440979E-04 0.118214E-07 0.712046E-06 0.938181E-03 0.532950E-02 0.324252E-03 0.500133E-01 0.123695E-01 0.414500E-03 0.409818E-01
  24000.0      1273.00     0.605397E-01 0.532697E-03 0.439928E-04 0.118010E-07 0.719420E-06 0.949302E-03 0.532950E-02 0.311000E-03 0.500000E-01 0.123695E-01 0.414500E-03 0.409774E-01
  24000.0      1273.00     0.605400E-01 0.532519E-03 0.439696E-04 0.117788E-07 0.720964E-06 0.948490E-03 0.532950E-02 0.311000E-03 0.500000E-01 0.123695E-01 0.414500E-03 0.409769E-01
  24000.0      1273.00     0.605399E-01 0.532429E-03 0.439745E-04 0.117762E-07 0.721130E-06 0.948637E-03 0.532950E-02 0.311000E-03 0.500000E-01 0.123695E-01 0.414500E-03 0.409773E-01
  24000.0      1273.00     0.605391E-01 0.532437E-03 0.440819E-04 0.118082E-07 0.720376E-06 0.949937E-03 0.532950E-02 0.311000E-03 0.500000E-01 0.123695E-01 0.414500E-03 0.409778E-01
  24000.0      1273.00     0.605391E-01 0.532346E-03 0.440812E-04 0.118033E-07 0.720596E-06 0.949982E-03 0.532950E-02 0.311000E-03 0.500000E-01 0.123695E-01 0.414500E-03 0.409782E-01
  24000.0      1273.00     0.605390E-01 0.532257E-03 0.440610E-04 0.117935E-07 0.721000E-06 0.950165E-03 0.532950E-02 0.311000E-03 0.500000E-01 0.123695E-01 0.414500E-03 0.409789E-01
  24000.0      1273.00     0.605388E-01 0.532198E-03 0.440885E-04 0.117980E-07 0.720796E-06 0.950366E-03 0.532950E-02 0.311000E-03 0.500000E-01 0.123695E-01 0.414500E-03 0.409790E-01
  24000.0      1273.00     0.605389E-01 0.532158E-03 0.441106E-04 0.118035E-07 0.721064E-06 0.950205E-03 0.532950E-02 0.311000E-03 0.500000E-01 0.123695E-01 0.414500E-03 0.409787E-01
  24000.0      1273.00     0.605467E-01 0.531519E-03 0.434442E-04 0.115750E-07 0.725644E-06 0.939424E-03 0.532950E-02 0.311000E-03 0.500000E-01 0.123695E-01 0.414500E-03 0.409745E-01
  24000.0      1273.00     0.605448E-01 0.531955E-03 0.439711E-04 0.117673E-07 0.727243E-06 0.942515E-03 0.532950E-02 0.311000E-03 0.500000E-01 0.123695E-01 0.414500E-03 0.409718E-01
  24000.0      1273.00     0.605476E-01 0.531383E-03 0.434806E-04 0.115754E-07 0.726973E-06 0.938021E-03 0.532950E-02 0.311000E-03 0.500000E-01 0.123695E-01 0.414500E-03 0.409728E-01
  24000.0      1273.00     0.605474E-01 0.531316E-03 0.434863E-04 0.115734E-07 0.727095E-06 0.938343E-03 0.532950E-02 0.311000E-03 0.500000E-01 0.123695E-01 0.414500E-03 0.409733E-01
  24000.0      1273.00     0.605456E-01 0.531251E-03 0.435288E-04 0.115759E-07 0.725077E-06 0.940777E-03 0.532950E-02 0.311000E-03 0.500000E-01 0.123695E-01 0.414500E-03 0.409759E-01
  24000.0      1273.00     0.605463E-01 0.531113E-03 0.434546E-04 0.115491E-07 0.725460E-06 0.939925E-03 0.532950E-02 0.311000E-03 0.500000E-01 0.123695E-01 0.414500E-03 0.409760E-01
  24000.0      1273.00     0.605493E-01 0.531041E-03 0.433435E-04 0.115472E-07 0.733824E-06 0.935774E-03 0.532950E-02 0.311000E-03 0.500000E-01 0.123695E-01 0.414500E-03 0.409723E-01
  24000.0      1273.00     0.605474E-01 0.530926E-03 0.433619E-04 0.115337E-07 0.732333E-06 0.938357E-03 0.532950E-02 0.311000E-03 0.500000E-01 0.123695E-01 0.414500E-03 0.409752E-01
  24000.0      1273.00     0.605473E-01 0.530857E-03 0.433737E-04 0.115298E-07 0.731803E-06 0.938507E-03 0.532950E-02 0.311000E-03 0.500000E-01 0.123695E-01 0.414500E-03 0.409755E-01
  24000.0      1273.00     0.605460E-01 0.530919E-03 0.435760E-04 0.115761E-07 0.727186E-06 0.940274E-03 0.532950E-02 0.311000E-03 0.500000E-01 0.123695E-01 0.414500E-03 0.409758E-01
  24000.0      1273.00     0.605459E-01 0.530844E-03 0.435792E-04 0.115729E-07 0.727327E-06 0.940368E-03 0.532950E-02 0.311000E-03 0.500000E-01 0.123695E-01 0.414500E-03 0.409761E-01
  24000.0      1273.00     0.605469E-01 0.530734E-03 0.435258E-04 0.115533E-07 0.728464E-06 0.939129E-03 0.532950E-02 0.311000E-03 0.500000E-01 0.123695E-01 0.414500E-03 0.409755E-01
  24000.0      1273.00     0.605393E-01 0.530567E-03 0.434604E-04 0.115229E-07 0.726833E-06 0.942926E-03 0.532950E-02 0.308471E-03 0.499975E-01 0.123695E-01 0.414500E-03 0.409767E-01
  24000.0      1273.00     0.605505E-01 0.530812E-03 0.437675E-04 0.116260E-07 0.725973E-06 0.940871E-03 0.532950E-02 0.313529E-03 0.500025E-01 0.123695E-01 0.414500E-03 0.409790E-01
  24000.0      1273.00     0.605451E-01 0.530549E-03 0.435870E-04 0.115596E-07 0.727500E-06 0.941393E-03 0.532950E-02 0.311000E-03 0.500000E-01 0.123695E-01 0.414500E-03 0.409778E-01
  24000.0      1273.00     0.605453E-01 0.530378E-03 0.434848E-04 0.115168E-07 0.726575E-06 0.941017E-03 0.532950E-02 0.311000E-03 0.500000E-01 0.123695E-01 0.414500E-03 0.409784E-01
  24000.0      1273.00     0.605445E-01 0.530362E-03 0.435483E-04 0.115322E-07 0.726334E-06 0.941932E-03 0.532950E-02 0.311000E-03 0.500000E-01 0.123695E-01 0.414500E-03 0.409789E-01
  24000.0      1273.00     0.605284E-01 0.530052E-03 0.433485E-04 0.114691E-07 0.730009E-06 0.945286E-03 0.532950E-02 0.303502E-03 0.499925E-01 0.123695E-01 0.414500E-03 0.409746E-01
  24000.0      1273.00     0.605619E-01 0.530383E-03 0.436148E-04 0.115544E-07 0.726564E-06 0.936296E-03 0.532950E-02 0.318498E-03 0.500075E-01 0.123695E-01 0.414500E-03 0.409826E-01
  24000.0      1273.00     0.605091E-01 0.530993E-03 0.447791E-04 0.118948E-07 0.709649E-06 0.973970E-03 0.532950E-02 0.305441E-03 0.499944E-01 0.123695E-01 0.414500E-03 0.409931E-01
  24000.0      1273.00     0.605591E-01 0.530290E-03 0.436180E-04 0.115843E-07 0.727817E-06 0.936728E-03 0.532950E-02 0.316559E-03 0.500056E-01 0.123695E-01 0.414500E-03 0.409812E-01
  24000.0      1273.00     0.605454E-01 0.530061E-03 0.435870E-04 0.115383E-07 0.729690E-06 0.941363E-03 0.532950E-02 0.311000E-03 0.500000E-01 0.123695E-01 0.414500E-03 0.409791E-01
  24000.0      1273.00     0.605453E-01 0.529994E-03 0.435898E-04 0.115357E-07 0.729848E-06 0.941411E-03 0.532950E-02 0.311000E-03 0.500000E-01 0.123695E-01 0.414500E-03 0.409792E-01
  24000.0      1273.00     0.605416E-01 0.530056E-03 0.437946E-04 0.115846E-07 0.724496E-06 0.945819E-03 0.532950E-02 0.311000E-03 0.500000E-01 0.123695E-01 0.414500E-03 0.409819E-01
  24000.0      1273.00     0.605415E-01 0.529989E-03 0.437992E-04 0.115823E-07 0.724576E-06 0.945889E-03 0.532950E-02 0.311000E-03 0.500000E-01 0.123695E-01 0.414500E-03 0.409820E-01
  24000.0      1273.00     0.605644E-01 0.529148E-03 0.423387E-04 0.113287E-07 0.792243E-06 0.913496E-03 0.532950E-02 0.311000E-03 0.500000E-01 0.123695E-01 0.414500E-03 0.409604E-01
  24000.0      1273.00     0.605259E-01 0.529504E-03 0.434955E-04 0.114755E-07 0.728783E-06 0.948424E-03 0.532950E-02 0.303468E-03 0.499925E-01 0.123695E-01 0.414500E-03 0.409780E-01
  24000.0      1273.00     0.605775E-01 0.529337E-03 0.429332E-04 0.114104E-07 0.768893E-06 0.916745E-03 0.532950E-02 0.318532E-03 0.500075E-01 0.123695E-01 0.414500E-03 0.409709E-01
  24000.0      1273.00     0.605395E-01 0.529783E-03 0.439069E-04 0.115987E-07 0.724428E-06 0.948585E-03 0.532950E-02 0.311000E-03 0.500000E-01 0.123695E-01 0.414500E-03 0.409845E-01
  24000.0      1273.00     0.605443E-01 0.529494E-03 0.436124E-04 0.115037E-07 0.729048E-06 0.942327E-03 0.532950E-02 0.311000E-03 0.500000E-01 0.123695E-01 0.414500E-03 0.409811E-01
  24000.0      1273.00     0.605453E-01 0.529376E-03 0.435537E-04 0.114827E-07 0.730056E-06 0.941041E-03 0.532950E-02 0.311000E-03 0.500000E-01 0.123695E-01 0.414500E-03 0.409805E-01
  24000.0      1273.00     0.605453E-01 0.529309E-03 0.435546E-04 0.114790E-07 0.730173E-06 0.941084E-03 0.532950E-02 0.311000E-03 0.500000E-01 0.123695E-01 0.414500E-03 0.409807E-01
  24000.0      1273.00     0.605459E-01 0.529221E-03 0.435277E-04 0.114676E-07 0.730979E-06 0.940379E-03 0.532950E-02 0.311000E-03 0.500000E-01 0.123695E-01 0.414500E-03 0.409804E-01
  24000.0      1273.00     0.604264E-01 0.528179E-03 0.430540E-04 0.113155E-07 0.744316E-06 0.980133E-03 0.532950E-02 0.261728E-03 0.499507E-01 0.123695E-01 0.414500E-03 0.409612E-01
  24000.0      1273.00     0.606365E-01 0.530250E-03 0.443788E-04 0.117293E-07 0.714156E-06 0.917598E-03 0.532950E-02 0.351573E-03 0.500406E-01 0.123695E-01 0.414500E-03 0.410024E-01
  24000.0      1273.00     0.605654E-01 0.529332E-03 0.437588E-04 0.115410E-07 0.728147E-06 0.935604E-03 0.532950E-02 0.319699E-03 0.500087E-01 0.123695E-01 0.414500E-03 0.409852E-01
  24000.0      1273.00     0.606167E-01 0.526940E-03 0.402507E-04 0.106890E-07 0.844300E-06 0.868597E-03 0.532950E-02 0.311000E-03 0.500000E-01 0.123695E-01 0.414500E-03 0.409374E-01
  24000.0      1273.00     0.605030E-01 0.530729E-03 0.460499E-04 0.122091E-07 0.697907E-06 0.996475E-03 0.532950E-02 0.311000E-03 0.500000E-01 0.123695E-01 0.414500E-03 0.410137E-01
  24000.0      1273.00     0.605015E-01 0.530725E-03 0.461349E-04 0.122310E-07 0.696846E-06 0.998473E-03 0.532950E-02 0.311000E-03 0.500000E-01 0.123695E-01 0.414500E-03 0.410150E-01
  24000.0      1273.00     0.605209E-01 0.529777E-03 0.449519E-04 0.118664E-07 0.712114E-06 0.972523E-03 0.532950E-02 0.311000E-03 0.500000E-01 0.123695E-01 0.414500E-03 0.410001E-01
  24000.0      1273.00     0.606198E-01 0.526454E-03 0.399979E-04 0.106041E-07 0.847985E-06 0.862980E-03 0.532950E-02 0.310351E-03 0.499994E-01 0.123695E-01 0.414500E-03 0.409344E-01
  24000.0      1273.00     0.604999E-01 0.530767E-03 0.464330E-04 0.123177E-07 0.695355E-06 0.100246E-02 0.532950E-02 0.311649E-03 0.500006E-01 0.123695E-01 0.414500E-03 0.410176E-01
  24000.0      1273.00     0.604973E-01 0.530325E-03 0.459957E-04 0.121759E-07 0.700483E-06 0.997354E-03 0.532950E-02 0.308204E-03 0.499972E-01 0.123695E-01 0.414500E-03 0.410121E-01
  24000.0      1273.00     0.604829E-01 0.529953E-03 0.457125E-04 0.120837E-07 0.706167E-06 0.998790E-03 0.532950E-02 0.300817E-03 0.499898E-01 0.123695E-01 0.414500E-03 0.410069E-01
  24000.0      1273.00     0.605865E-01 0.528520E-03 0.432742E-04 0.114088E-07 0.743493E-06 0.919335E-03 0.532950E-02 0.323979E-03 0.500130E-01 0.123695E-01 0.414500E-03 0.409805E-01
  24000.0      1273.00     0.605419E-01 0.528422E-03 0.436314E-04 0.114510E-07 0.727511E-06 0.944208E-03 0.532950E-02 0.311000E-03 0.500000E-01 0.123695E-01 0.414500E-03 0.409844E-01
  24000.0      1273.00     0.603806E-01 0.526685E-03 0.425587E-04 0.111210E-07 0.761648E-06 0.991288E-03 0.532950E-02 0.241304E-03 0.499303E-01 0.123695E-01 0.414500E-03 0.409521E-01
  24000.0      1273.00     0.606373E-01 0.529354E-03 0.443454E-04 0.116683E-07 0.715721E-06 0.916668E-03 0.532950E-02 0.351810E-03 0.500408E-01 0.123695E-01 0.414500E-03 0.410036E-01
  24000.0      1273.00     0.606105E-01 0.528932E-03 0.440648E-04 0.115796E-07 0.720766E-06 0.923319E-03 0.532950E-02 0.339886E-03 0.500289E-01 0.123695E-01 0.414500E-03 0.409974E-01
  24000.0      1273.00     0.605453E-01 0.528004E-03 0.434201E-04 0.113734E-07 0.733686E-06 0.939614E-03 0.532950E-02 0.311000E-03 0.500000E-01 0.123695E-01 0.414500E-03 0.409823E-01
  24000.0      1273.00     0.605430E-01 0.528117E-03 0.436352E-04 0.114406E-07 0.730296E-06 0.943076E-03 0.532950E-02 0.311000E-03 0.500000E-01 0.123695E-01 0.414500E-03 0.409840E-01
  24000.0      1273.00     0.605460E-01 0.527906E-03 0.434500E-04 0.113779E-07 0.732855E-06 0.939717E-03 0.532950E-02 0.311000E-03 0.500000E-01 0.123695E-01 0.414500E-03 0.409827E-01
  24000.0      1273.00     0.605565E-01 0.527407E-03 0.428447E-04 0.111978E-07 0.742205E-06 0.926032E-03 0.532950E-02 0.310900E-03 0.499999E-01 0.123695E-01 0.414500E-03 0.409746E-01
  24000.0      1273.00     0.605471E-01 0.527758E-03 0.434120E-04 0.113593E-07 0.735486E-06 0.938514E-03 0.532950E-02 0.311100E-03 0.500001E-01 0.123695E-01 0.414500E-03 0.409822E-01
  24000.0      1273.00     0.605531E-01 0.527404E-03 0.430242E-04 0.112413E-07 0.739864E-06 0.930471E-03 0.532950E-02 0.311000E-03 0.500000E-01 0.123695E-01 0.414500E-03 0.409776E-01
  24000.0      1273.00     0.605202E-01 0.526814E-03 0.425878E-04 0.111028E-07 0.746713E-06 0.937170E-03 0.532950E-02 0.295655E-03 0.499847E-01 0.123695E-01 0.414500E-03 0.409686E-01
  24000.0      1273.00     0.605797E-01 0.528102E-03 0.438627E-04 0.114887E-07 0.727196E-06 0.931642E-03 0.532950E-02 0.326345E-03 0.500153E-01 0.123695E-01 0.414500E-03 0.409912E-01
  24000.0      1273.00     0.605408E-01 0.527826E-03 0.438192E-04 0.114745E-07 0.730570E-06 0.946354E-03 0.532950E-02 0.311000E-03 0.500000E-01 0.123695E-01 0.414500E-03 0.409868E-01
  24000.0      1273.00     0.605408E-01 0.527754E-03 0.438216E-04 0.114702E-07 0.730713E-06 0.946384E-03 0.532950E-02 0.311000E-03 0.500000E-01 0.123695E-01 0.414500E-03 0.409869E-01
  24000.0      1273.00     0.605444E-01 0.527553E-03 0.436049E-04 0.114226E-07 0.738890E-06 0.941622E-03 0.532950E-02 0.311000E-03 0.500000E-01 0.123695E-01 0.414500E-03 0.409840E-01
  24000.0      1273.00     0.605441E-01 0.527537E-03 0.436210E-04 0.114229E-07 0.738293E-06 0.941959E-03 0.532950E-02 0.311000E-03 0.500000E-01 0.123695E-01 0.414500E-03 0.409842E-01
  24000.0      1273.00     0.605443E-01 0.527451E-03 0.436102E-04 0.114150E-07 0.738993E-06 0.941708E-03 0.532950E-02 0.311000E-03 0.500000E-01 0.123695E-01 0.414500E-03 0.409843E-01
  24000.0      1273.00     0.605443E-01 0.527402E-03 0.436115E-04 0.114124E-07 0.739071E-06 0.941715E-03 0.532950E-02 0.311000E-03 0.500000E-01 0.123695E-01 0.414500E-03 0.409844E-01
  24000.0      1273.00     0.605413E-01 0.527419E-03 0.437833E-04 0.114419E-07 0.733035E-06 0.945448E-03 0.532950E-02 0.311000E-03 0.500000E-01 0.123695E-01 0.414500E-03 0.409868E-01
  24000.0      1273.00     0.605413E-01 0.527359E-03 0.437829E-04 0.114387E-07 0.733186E-06 0.945426E-03 0.532950E-02 0.311000E-03 0.500000E-01 0.123695E-01 0.414500E-03 0.409869E-01
  24000.0      1273.00     0.605413E-01 0.527294E-03 0.437830E-04 0.114356E-07 0.733333E-06 0.945412E-03 0.532950E-02 0.311000E-03 0.500000E-01 0.123695E-01 0.414500E-03 0.409870E-01
  24000.0      1273.00     0.605413E-01 0.527235E-03 0.437838E-04 0.114317E-07 0.733453E-06 0.945412E-03 0.532950E-02 0.311000E-03 0.500000E-01 0.123695E-01 0.414500E-03 0.409871E-01
  24000.0      1273.00     0.605413E-01 0.527178E-03 0.437796E-04 0.114280E-07 0.733684E-06 0.945315E-03 0.532950E-02 0.311000E-03 0.500000E-01 0.123695E-01 0.414500E-03 0.409871E-01
  24000.0      1273.00     0.605413E-01 0.527120E-03 0.437812E-04 0.114245E-07 0.733792E-06 0.945328E-03 0.532950E-02 0.311000E-03 0.500000E-01 0.123695E-01 0.414500E-03 0.409872E-01
  24000.0      1273.00     0.605411E-01 0.527052E-03 0.437888E-04 0.114229E-07 0.733774E-06 0.945472E-03 0.532950E-02 0.311000E-03 0.500000E-01 0.123695E-01 0.414500E-03 0.409874E-01
  24000.0      1273.00     0.605413E-01 0.526988E-03 0.437795E-04 0.114167E-07 0.734144E-06 0.945263E-03 0.532950E-02 0.311000E-03 0.500000E-01 0.123695E-01 0.414500E-03 0.409873E-01
  24000.0      1273.00     0.605413E-01 0.526928E-03 0.437789E-04 0.114134E-07 0.734287E-06 0.945231E-03 0.532950E-02 0.311000E-03 0.500000E-01 0.123695E-01 0.414500E-03 0.409874E-01
  24000.0      1273.00     0.605413E-01 0.526866E-03 0.437781E-04 0.114094E-07 0.734443E-06 0.945198E-03 0.532950E-02 0.311000E-03 0.500000E-01 0.123695E-01 0.414500E-03 0.409874E-01
  24000.0      1273.00     0.605413E-01 0.526807E-03 0.437747E-04 0.114053E-07 0.734637E-06 0.945115E-03 0.532950E-02 0.311000E-03 0.500000E-01 0.123695E-01 0.414500E-03 0.409875E-01
  24000.0      1273.00     0.605413E-01 0.526744E-03 0.437763E-04 0.114022E-07 0.734742E-06 0.945126E-03 0.532950E-02 0.311000E-03 0.500000E-01 0.123695E-01 0.414500E-03 0.409876E-01
  24000.0      1273.00     0.605424E-01 0.526618E-03 0.436783E-04 0.113690E-07 0.736129E-06 0.943452E-03 0.532950E-02 0.311000E-03 0.500000E-01 0.123695E-01 0.414500E-03 0.409867E-01
  24000.0      1273.00     0.605420E-01 0.526539E-03 0.436909E-04 0.113626E-07 0.735986E-06 0.943850E-03 0.532950E-02 0.311000E-03 0.500000E-01 0.123695E-01 0.414500E-03 0.409871E-01
  24000.0      1273.00     0.605162E-01 0.526166E-03 0.434568E-04 0.112871E-07 0.741663E-06 0.950532E-03 0.532950E-02 0.299580E-03 0.499886E-01 0.123695E-01 0.414500E-03 0.409814E-01
  24000.0      1273.00     0.605684E-01 0.526735E-03 0.439002E-04 0.114247E-07 0.730068E-06 0.936422E-03 0.532950E-02 0.322420E-03 0.500114E-01 0.123695E-01 0.414500E-03 0.409927E-01
  24000.0      1273.00     0.605408E-01 0.526495E-03 0.437018E-04 0.114273E-07 0.739607E-06 0.944537E-03 0.532950E-02 0.311000E-03 0.500000E-01 0.123695E-01 0.414500E-03 0.409875E-01
  24000.0      1273.00     0.605407E-01 0.526478E-03 0.437103E-04 0.114287E-07 0.740151E-06 0.944641E-03 0.532950E-02 0.311000E-03 0.500000E-01 0.123695E-01 0.414500E-03 0.409876E-01
  24000.0      1273.00     0.605405E-01 0.526447E-03 0.437201E-04 0.114302E-07 0.739484E-06 0.944924E-03 0.532950E-02 0.311000E-03 0.500000E-01 0.123695E-01 0.414500E-03 0.409878E-01
  24000.0      1273.00     0.605408E-01 0.526440E-03 0.437097E-04 0.114176E-07 0.740334E-06 0.944531E-03 0.532950E-02 0.311000E-03 0.500000E-01 0.123695E-01 0.414500E-03 0.409877E-01
  24000.0      1273.00     0.605406E-01 0.526298E-03 0.437187E-04 0.114166E-07 0.739905E-06 0.944787E-03 0.532950E-02 0.311000E-03 0.500000E-01 0.123695E-01 0.414500E-03 0.409880E-01
  24000.0      1273.00     0.605404E-01 0.526297E-03 0.437246E-04 0.114174E-07 0.739721E-06 0.944984E-03 0.532950E-02 0.311000E-03 0.500000E-01 0.123695E-01 0.414500E-03 0.409881E-01
  24000.0      1273.00     0.605403E-01 0.526170E-03 0.437269E-04 0.114158E-07 0.739869E-06 0.945037E-03 0.532950E-02 0.311000E-03 0.500000E-01 0.123695E-01 0.414500E-03 0.409882E-01
  24000.0      1273.00     0.605397E-01 0.526247E-03 0.437840E-04 0.114363E-07 0.740104E-06 0.946024E-03 0.532950E-02 0.311000E-03 0.500000E-01 0.123695E-01 0.414500E-03 0.409888E-01
  24000.0      1273.00     0.605372E-01 0.526351E-03 0.439310E-04 0.115298E-07 0.742899E-06 0.949199E-03 0.532950E-02 0.311000E-03 0.500000E-01 0.123695E-01 0.414500E-03 0.409907E-01
  24000.0      1273.00     0.605396E-01 0.525981E-03 0.437829E-04 0.114312E-07 0.740515E-06 0.945955E-03 0.532950E-02 0.311000E-03 0.500000E-01 0.123695E-01 0.414500E-03 0.409890E-01
  24000.0      1273.00     0.605396E-01 0.525961E-03 0.437854E-04 0.114226E-07 0.740595E-06 0.945967E-03 0.532950E-02 0.311000E-03 0.500000E-01 0.123695E-01 0.414500E-03 0.409891E-01
  24000.0      1273.00     0.605395E-01 0.525884E-03 0.437589E-04 0.114116E-07 0.740772E-06 0.945827E-03 0.532950E-02 0.311000E-03 0.500000E-01 0.123695E-01 0.414500E-03 0.409891E-01
  24000.0      1273.00     0.605389E-01 0.525865E-03 0.437989E-04 0.114188E-07 0.739867E-06 0.946556E-03 0.532950E-02 0.311000E-03 0.500000E-01 0.123695E-01 0.414500E-03 0.409895E-01
  24000.0      1273.00     0.605390E-01 0.525845E-03 0.437762E-04 0.114061E-07 0.739966E-06 0.946229E-03 0.532950E-02 0.311000E-03 0.500000E-01 0.123695E-01 0.414500E-03 0.409893E-01
  24000.0      1273.00     0.605386E-01 0.525777E-03 0.438337E-04 0.114203E-07 0.739824E-06 0.947013E-03 0.532950E-02 0.311000E-03 0.500000E-01 0.123695E-01 0.414500E-03 0.409899E-01
  24000.0      1273.00     0.605386E-01 0.525733E-03 0.438070E-04 0.114165E-07 0.739981E-06 0.946728E-03 0.532950E-02 0.311000E-03 0.500000E-01 0.123695E-01 0.414500E-03 0.409897E-01
  24000.0      1273.00     0.605387E-01 0.525665E-03 0.438309E-04 0.114116E-07 0.740171E-06 0.946847E-03 0.532950E-02 0.311000E-03 0.500000E-01 0.123695E-01 0.414500E-03 0.409900E-01
  24000.0      1273.00     0.605386E-01 0.525670E-03 0.438359E-04 0.114105E-07 0.740064E-06 0.946984E-03 0.532950E-02 0.311000E-03 0.500000E-01 0.123695E-01 0.414500E-03 0.409901E-01
  24000.0      1273.00     0.605386E-01 0.525583E-03 0.438350E-04 0.114051E-07 0.740280E-06 0.946913E-03 0.532950E-02 0.311000E-03 0.500000E-01 0.123695E-01 0.414500E-03 0.409901E-01
  24000.0      1273.00     0.605386E-01 0.525536E-03 0.438363E-04 0.114052E-07 0.740321E-06 0.946934E-03 0.532950E-02 0.311000E-03 0.500000E-01 0.123695E-01 0.414500E-03 0.409902E-01
  24000.0      1273.00     0.605385E-01 0.525451E-03 0.438077E-04 0.113965E-07 0.740412E-06 0.946708E-03 0.532950E-02 0.311000E-03 0.500000E-01 0.123695E-01 0.414500E-03 0.409900E-01
  24000.0      1273.00     0.605385E-01 0.525411E-03 0.438287E-04 0.113942E-07 0.740663E-06 0.946910E-03 0.532950E-02 0.311000E-03 0.500000E-01 0.123695E-01 0.414500E-03 0.409903E-01
  24000.0      1273.00     0.605384E-01 0.525396E-03 0.438009E-04 0.113907E-07 0.740999E-06 0.946643E-03 0.532950E-02 0.311000E-03 0.500000E-01 0.123695E-01 0.414500E-03 0.409900E-01
  24000.0      1273.00     0.605384E-01 0.525278E-03 0.438032E-04 0.113830E-07 0.741250E-06 0.946637E-03 0.532950E-02 0.311000E-03 0.500000E-01 0.123695E-01 0.414500E-03 0.409902E-01
  24000.0      1273.00     0.605383E-01 0.525290E-03 0.438216E-04 0.113909E-07 0.741234E-06 0.946871E-03 0.532950E-02 0.311000E-03 0.500000E-01 0.123695E-01 0.414500E-03 0.409904E-01
  24000.0      1273.00     0.605382E-01 0.525212E-03 0.438268E-04 0.113914E-07 0.741267E-06 0.946939E-03 0.532950E-02 0.311000E-03 0.500000E-01 0.123695E-01 0.414500E-03 0.409905E-01
  24000.0      1273.00     0.605383E-01 0.525189E-03 0.438111E-04 0.113785E-07 0.741457E-06 0.946732E-03 0.532950E-02 0.311000E-03 0.500000E-01 0.123695E-01 0.414500E-03 0.409904E-01
  24000.0      1273.00     0.605382E-01 0.525144E-03 0.438168E-04 0.113783E-07 0.741460E-06 0.946811E-03 0.532950E-02 0.311000E-03 0.500000E-01 0.123695E-01 0.414500E-03 0.409905E-01
  24000.0      1273.00     0.605380E-01 0.524990E-03 0.438402E-04 0.113836E-07 0.741628E-06 0.947141E-03 0.532950E-02 0.311000E-03 0.500000E-01 0.123695E-01 0.414500E-03 0.409909E-01
  24000.0      1273.00     0.605379E-01 0.524899E-03 0.438280E-04 0.113795E-07 0.741655E-06 0.947034E-03 0.532950E-02 0.311000E-03 0.500000E-01 0.123695E-01 0.414500E-03 0.409908E-01
  24000.0      1273.00     0.605379E-01 0.524874E-03 0.438369E-04 0.113788E-07 0.741767E-06 0.947159E-03 0.532950E-02 0.311000E-03 0.500000E-01 0.123695E-01 0.414500E-03 0.409909E-01
  24000.0      1273.00     0.605382E-01 0.524990E-03 0.438214E-04 0.113751E-07 0.741652E-06 0.946860E-03 0.532950E-02 0.311000E-03 0.500000E-01 0.123695E-01 0.414500E-03 0.409907E-01
  24000.0      1273.00     0.605383E-01 0.524816E-03 0.438290E-04 0.113632E-07 0.741286E-06 0.946763E-03 0.532950E-02 0.311000E-03 0.500000E-01 0.123695E-01 0.414500E-03 0.409908E-01
  24000.0      1273.00     0.605382E-01 0.524737E-03 0.438347E-04 0.113565E-07 0.741383E-06 0.946845E-03 0.532950E-02 0.311000E-03 0.500000E-01 0.123695E-01 0.414500E-03 0.409910E-01
  24000.0      1273.00     0.605382E-01 0.524708E-03 0.438175E-04 0.113568E-07 0.741790E-06 0.946695E-03 0.532950E-02 0.311000E-03 0.500000E-01 0.123695E-01 0.414500E-03 0.409908E-01
  24000.0      1273.00     0.605383E-01 0.524647E-03 0.438168E-04 0.113485E-07 0.741996E-06 0.946611E-03 0.532950E-02 0.311000E-03 0.500000E-01 0.123695E-01 0.414500E-03 0.409909E-01
  24000.0      1273.00     0.605382E-01 0.524531E-03 0.438188E-04 0.113502E-07 0.742133E-06 0.946622E-03 0.532950E-02 0.311000E-03 0.500000E-01 0.123695E-01 0.414500E-03 0.409909E-01
  24000.0      1273.00     0.605381E-01 0.524544E-03 0.438202E-04 0.113479E-07 0.742555E-06 0.946625E-03 0.532950E-02 0.311000E-03 0.500000E-01 0.123695E-01 0.414500E-03 0.409910E-01
  24000.0      1273.00     0.605379E-01 0.524430E-03 0.438315E-04 0.113499E-07 0.742619E-06 0.946797E-03 0.532950E-02 0.311000E-03 0.500000E-01 0.123695E-01 0.414500E-03 0.409911E-01
  24000.0      1273.00     0.605379E-01 0.524415E-03 0.438329E-04 0.113486E-07 0.742635E-06 0.946812E-03 0.532950E-02 0.311000E-03 0.500000E-01 0.123695E-01 0.414500E-03 0.409912E-01
  24000.0      1273.00     0.605380E-01 0.524378E-03 0.438296E-04 0.113418E-07 0.742099E-06 0.946768E-03 0.532950E-02 0.311000E-03 0.500000E-01 0.123695E-01 0.414500E-03 0.409912E-01
  24000.0      1273.00     0.605379E-01 0.524350E-03 0.438515E-04 0.113444E-07 0.741953E-06 0.947054E-03 0.532950E-02 0.311000E-03 0.500000E-01 0.123695E-01 0.414500E-03 0.409914E-01
  24000.0      1273.00     0.605377E-01 0.524342E-03 0.438474E-04 0.113472E-07 0.742791E-06 0.947057E-03 0.532950E-02 0.311000E-03 0.500000E-01 0.123695E-01 0.414500E-03 0.409914E-01
