  24000.0      1273.00      7.52580     0.845400      1.13110      9.55040     0.628500     0.936000E-01  0.00000      0.00000      0.00000     0.190000E-02  13.8463    
  24000.0      1273.00      7.52613     0.845359      1.13110      9.55040     0.628991     0.850016E-01 0.139916E-04 0.139916E-04  0.00000      0.00000      13.8464    
  24000.0      1273.00      7.52643     0.845276      1.13110      9.55040     0.629511     0.772862E-01 0.135424E-03 0.135424E-03  0.00000      0.00000      13.8464    
  24000.0      1273.00      7.52673     0.845197      1.13110      9.55040     0.630024     0.697065E-01 0.249928E-03 0.249928E-03  0.00000      0.00000      13.8464    
  24000.0      1273.00      7.52704     0.845122      1.13110      9.55040     0.630528     0.622486E-01 0.357697E-03 0.357697E-03  0.00000      0.00000      13.8465    
  24000.0      1273.00      7.52735     0.845049      1.13110      9.55040     0.631019     0.549097E-01 0.456925E-03 0.456925E-03  0.00000      0.00000      13.8466    
  24000.0      1273.00      7.52767     0.844981      1.13110      9.55040     0.631493     0.477811E-01 0.545214E-03 0.545214E-03  0.00000      0.00000      13.8467    
  24000.0      1273.00      7.52800     0.844917      1.13110      9.55040     0.631943     0.409136E-01 0.637653E-03 0.637653E-03  0.00000      0.00000      13.8468    
  24000.0      1273.00      7.52833     0.844856      1.13110      9.55039     0.632367     0.342200E-01 0.706801E-03 0.706801E-03  0.00000      0.00000      13.8470    
  24000.0      1273.00      7.52866     0.844797      1.13110      9.55039     0.632770     0.276591E-01 0.773046E-03 0.773046E-03  0.00000      0.00000      13.8472    
  24000.0      1273.00      7.52899     0.844737      1.13110      9.55039     0.633156     0.212047E-01 0.833830E-03 0.833830E-03  0.00000      0.00000      13.8474    
  24000.0      1273.00      7.52932     0.844680      1.13110      9.55039     0.633523     0.148674E-01 0.903115E-03 0.903115E-03  0.00000      0.00000      13.8477    
  24000.0      1273.00      7.52965     0.844624      1.13110      9.55039     0.633862     0.872912E-02 0.967715E-03 0.967715E-03  0.00000      0.00000      13.8480    
  24000.0      1273.00      7.52997     0.844568      1.13110      9.55039     0.634174     0.284446E-02 0.102210E-02 0.102210E-02  0.00000      0.00000      13.8483    
  24000.0      1273.00      7.53029     0.844511      1.13110      9.55039     0.634202      0.00000     0.108960E-02 0.108960E-02  0.00000      0.00000      13.8492    
  24000.0      1273.00      7.53060     0.844456      1.13110      9.55039     0.634100      0.00000     0.115691E-02 0.115691E-02  0.00000      0.00000      13.8508    
  24000.0      1273.00      7.53091     0.844400      1.13110      9.55039     0.633985      0.00000     0.122460E-02 0.122460E-02  0.00000      0.00000      13.8524    
  24000.0      1273.00      7.53123     0.844346      1.13110      9.55039     0.633896      0.00000     0.129263E-02 0.129263E-02  0.00000      0.00000      13.8540    
  24000.0      1273.00      7.53154     0.844291      1.13110      9.55039     0.633810      0.00000     0.136379E-02 0.136379E-02  0.00000      0.00000      13.8556    
  24000.0      1273.00      7.53186     0.844237      1.13110      9.55039     0.633714      0.00000     0.143205E-02 0.143205E-02  0.00000      0.00000      13.8572    
  24000.0      1273.00      7.53218     0.844182      1.13110      9.55039     0.633624      0.00000     0.150002E-02 0.150002E-02  0.00000      0.00000      13.8588    
  24000.0      1273.00      7.53311     0.844182      1.13110      9.55039     0.634180     0.532950E-02 0.181102E-02 0.515000E-01 0.123695E-01 0.414500E-03  13.9000    
  24000.0      1273.00      7.53283     0.844073      1.13110      9.55039     0.633444      0.00000     0.163459E-02 0.163459E-02  0.00000      0.00000      13.8619    
  24000.0      1273.00      7.53316     0.844019      1.13110      9.55039     0.633348      0.00000     0.170108E-02 0.170108E-02  0.00000      0.00000      13.8634    
  24000.0      1273.00      7.53349     0.843964      1.13110      9.55039     0.633250      0.00000     0.176689E-02 0.176689E-02  0.00000      0.00000      13.8650    
  24000.0      1273.00      7.53382     0.843910      1.13110      9.55039     0.633149      0.00000     0.183237E-02 0.183237E-02  0.00000      0.00000      13.8665    
  24000.0      1273.00      7.53415     0.843855      1.13110      9.55039     0.633048      0.00000     0.189712E-02 0.189712E-02  0.00000      0.00000      13.8680    
  24000.0      1273.00      7.53448     0.843801      1.13110      9.55038     0.632939      0.00000     0.195941E-02 0.195941E-02  0.00000      0.00000      13.8695    
  24000.0      1273.00      7.53541     0.843801      1.13110      9.55038     0.633496     0.532950E-02 0.227041E-02 0.519594E-01 0.123695E-01 0.414500E-03  13.9107    
  24000.0      1273.00      7.53516     0.843693      1.13110      9.55038     0.632697      0.00000     0.207904E-02 0.207904E-02  0.00000      0.00000      13.8723    
  24000.0      1273.00      7.53550     0.843640      1.13110      9.55038     0.632576      0.00000     0.213646E-02 0.213646E-02  0.00000      0.00000      13.8738    
  24000.0      1273.00      7.53584     0.843587      1.13110      9.55038     0.632449      0.00000     0.219149E-02 0.219149E-02  0.00000      0.00000      13.8751    
  24000.0      1273.00      7.53618     0.843533      1.13110      9.55038     0.632317      0.00000     0.224418E-02 0.224418E-02  0.00000      0.00000      13.8765    
  24000.0      1273.00      7.53652     0.843481      1.13110      9.55038     0.632181      0.00000     0.229479E-02 0.229479E-02  0.00000      0.00000      13.8778    
  24000.0      1273.00      7.53687     0.843429      1.13110      9.55038     0.632041      0.00000     0.234240E-02 0.234240E-02  0.00000      0.00000      13.8791    
  24000.0      1273.00      7.53722     0.843376      1.13110      9.55038     0.631887      0.00000     0.238946E-02 0.238946E-02  0.00000      0.00000      13.8804    
  24000.0      1273.00      7.53757     0.843324      1.13110      9.55038     0.631720      0.00000     0.243324E-02 0.243324E-02  0.00000      0.00000      13.8816    
  24000.0      1273.00      7.53792     0.843272      1.13110      9.55038     0.631549      0.00000     0.247300E-02 0.247300E-02  0.00000      0.00000      13.8828    
  24000.0      1273.00      7.53827     0.843221      1.13110      9.55038     0.631366      0.00000     0.251071E-02 0.251071E-02  0.00000      0.00000      13.8839    
  24000.0      1273.00      7.53862     0.843169      1.13110      9.55038     0.631178      0.00000     0.254542E-02 0.254542E-02  0.00000      0.00000      13.8851    
  24000.0      1273.00      7.53897     0.843118      1.13110      9.55038     0.630977      0.00000     0.257622E-02 0.257622E-02  0.00000      0.00000      13.8861    
  24000.0      1273.00      7.53933     0.843068      1.13110      9.55038     0.630779      0.00000     0.260324E-02 0.260324E-02  0.00000      0.00000      13.8872    
  24000.0      1273.00      7.53969     0.843018      1.13110      9.55038     0.630572      0.00000     0.262768E-02 0.262768E-02  0.00000      0.00000      13.8882    
  24000.0      1273.00      7.54005     0.842968      1.13110      9.55038     0.630365      0.00000     0.264932E-02 0.264932E-02  0.00000      0.00000      13.8891    
  24000.0      1273.00      7.54040     0.842919      1.13110      9.55038     0.630139      0.00000     0.266886E-02 0.266886E-02  0.00000      0.00000      13.8901    
  24000.0      1273.00      7.54077     0.842869      1.13110      9.55038     0.629912      0.00000     0.268625E-02 0.268625E-02  0.00000      0.00000      13.8910    
  24000.0      1273.00      7.54113     0.842820      1.13110      9.55038     0.629674      0.00000     0.269980E-02 0.269980E-02  0.00000      0.00000      13.8918    
  24000.0      1273.00      7.54149     0.842771      1.13110      9.55038     0.629424      0.00000     0.271241E-02 0.271241E-02  0.00000      0.00000      13.8927    
  24000.0      1273.00      7.54185     0.842722      1.13110      9.55037     0.629174      0.00000     0.272110E-02 0.272110E-02  0.00000      0.00000      13.8935    
  24000.0      1273.00      7.54222     0.842674      1.13110      9.55037     0.628920      0.00000     0.272654E-02 0.272654E-02  0.00000      0.00000      13.8942    
  24000.0      1273.00      7.54258     0.842627      1.13110      9.55037     0.628676      0.00000     0.272993E-02 0.272993E-02  0.00000      0.00000      13.8950    
  24000.0      1273.00      7.54295     0.842579      1.13110      9.55037     0.628412      0.00000     0.273245E-02 0.273245E-02  0.00000      0.00000      13.8957    
  24000.0      1273.00      7.54332     0.842531      1.13110      9.55037     0.628145      0.00000     0.273114E-02 0.273114E-02  0.00000      0.00000      13.8964    
  24000.0      1273.00      7.54369     0.842484      1.13110      9.55037     0.627872      0.00000     0.272851E-02 0.272851E-02  0.00000      0.00000      13.8971    
  24000.0      1273.00      7.54405     0.842436      1.13110      9.55037     0.627587      0.00000     0.272416E-02 0.272416E-02  0.00000      0.00000      13.8978    
  24000.0      1273.00      7.54442     0.842389      1.13110      9.55037     0.627306      0.00000     0.271854E-02 0.271854E-02  0.00000      0.00000      13.8984    
  24000.0      1273.00      7.54479     0.842342      1.13110      9.55037     0.627019      0.00000     0.270989E-02 0.270989E-02  0.00000      0.00000      13.8990    
  24000.0      1273.00      7.54517     0.842296      1.13110      9.55037     0.626733      0.00000     0.270056E-02 0.270056E-02  0.00000      0.00000      13.8996    
  24000.0      1273.00      7.54554     0.842249      1.13110      9.55037     0.626451      0.00000     0.268987E-02 0.268987E-02  0.00000      0.00000      13.9002    
  24000.0      1273.00      7.54591     0.842202      1.13110      9.55037     0.626170      0.00000     0.268171E-02 0.268171E-02  0.00000      0.00000      13.9008    
  24000.0      1273.00      7.54628     0.842156      1.13110      9.55037     0.625867      0.00000     0.266684E-02 0.266684E-02  0.00000      0.00000      13.9013    
  24000.0      1273.00      7.54665     0.842110      1.13110      9.55037     0.625566      0.00000     0.265087E-02 0.265087E-02  0.00000      0.00000      13.9019    
  24000.0      1273.00      7.54703     0.842064      1.13110      9.55037     0.625268      0.00000     0.263500E-02 0.263500E-02  0.00000      0.00000      13.9024    
  24000.0      1273.00      7.54740     0.842018      1.13110      9.55037     0.624958      0.00000     0.261627E-02 0.261627E-02  0.00000      0.00000      13.9029    
  24000.0      1273.00      7.54778     0.841972      1.13110      9.55036     0.624642      0.00000     0.259765E-02 0.259765E-02  0.00000      0.00000      13.9034    
  24000.0      1273.00      7.54815     0.841926      1.13110      9.55036     0.624324      0.00000     0.257826E-02 0.257826E-02  0.00000      0.00000      13.9038    
  24000.0      1273.00      7.54853     0.841880      1.13110      9.55036     0.624004      0.00000     0.255783E-02 0.255783E-02  0.00000      0.00000      13.9043    
  24000.0      1273.00      7.54890     0.841833      1.13110      9.55036     0.623670      0.00000     0.253812E-02 0.253812E-02  0.00000      0.00000      13.9047    
  24000.0      1273.00      7.54928     0.841788      1.13110      9.55036     0.623356      0.00000     0.251552E-02 0.251552E-02  0.00000      0.00000      13.9052    
  24000.0      1273.00      7.54966     0.841742      1.13110      9.55036     0.623029      0.00000     0.249302E-02 0.249302E-02  0.00000      0.00000      13.9056    
  24000.0      1273.00      7.55003     0.841696      1.13110      9.55036     0.622698      0.00000     0.246996E-02 0.246996E-02  0.00000      0.00000      13.9061    
  24000.0      1273.00      7.55041     0.841650      1.13110      9.55036     0.622366      0.00000     0.244537E-02 0.244537E-02  0.00000      0.00000      13.9065    
  24000.0      1273.00      7.55079     0.841605      1.13110      9.55036     0.622039      0.00000     0.242044E-02 0.242044E-02  0.00000      0.00000      13.9069    
  24000.0      1273.00      7.55116     0.841559      1.13110      9.55036     0.621712      0.00000     0.239508E-02 0.239508E-02  0.00000      0.00000      13.9073    
  24000.0      1273.00      7.55154     0.841514      1.13110      9.55036     0.621372      0.00000     0.236921E-02 0.236921E-02  0.00000      0.00000      13.9077    
  24000.0      1273.00      7.55192     0.841469      1.13110      9.55036     0.621044      0.00000     0.234183E-02 0.234183E-02  0.00000      0.00000      13.9081    
  24000.0      1273.00      7.55230     0.841423      1.13110      9.55036     0.620714      0.00000     0.231391E-02 0.231391E-02  0.00000      0.00000      13.9085    
  24000.0      1273.00      7.55268     0.841378      1.13110      9.55036     0.620382      0.00000     0.228470E-02 0.228470E-02  0.00000      0.00000      13.9088    
  24000.0      1273.00      7.55306     0.841333      1.13110      9.55036     0.620043      0.00000     0.225582E-02 0.225582E-02  0.00000      0.00000      13.9092    
  24000.0      1273.00      7.55344     0.841288      1.13110      9.55036     0.619696      0.00000     0.222827E-02 0.222827E-02  0.00000      0.00000      13.9095    
  24000.0      1273.00      7.55382     0.841242      1.13110      9.55035     0.619349      0.00000     0.219998E-02 0.219998E-02  0.00000      0.00000      13.9099    
  24000.0      1273.00      7.55420     0.841197      1.13110      9.55035     0.619008      0.00000     0.216995E-02 0.216995E-02  0.00000      0.00000      13.9103    
  24000.0      1273.00      7.55458     0.841152      1.13110      9.55035     0.618658      0.00000     0.214055E-02 0.214055E-02  0.00000      0.00000      13.9106    
  24000.0      1273.00      7.55496     0.841106      1.13110      9.55035     0.618305      0.00000     0.211241E-02 0.211241E-02  0.00000      0.00000      13.9109    
  24000.0      1273.00      7.55534     0.841061      1.13110      9.55035     0.617963      0.00000     0.208173E-02 0.208173E-02  0.00000      0.00000      13.9113    
  24000.0      1273.00      7.55572     0.841016      1.13110      9.55035     0.617615      0.00000     0.205121E-02 0.205121E-02  0.00000      0.00000      13.9116    
  24000.0      1273.00      7.55610     0.840971      1.13110      9.55035     0.617267      0.00000     0.202167E-02 0.202167E-02  0.00000      0.00000      13.9119    
  24000.0      1273.00      7.55648     0.840926      1.13110      9.55035     0.616925      0.00000     0.199029E-02 0.199029E-02  0.00000      0.00000      13.9123    
  24000.0      1273.00      7.55687     0.840881      1.13110      9.55035     0.616597      0.00000     0.195710E-02 0.195710E-02  0.00000      0.00000      13.9126    
  24000.0      1273.00      7.55725     0.840836      1.13110      9.55035     0.616242      0.00000     0.192674E-02 0.192674E-02  0.00000      0.00000      13.9129    
  24000.0      1273.00      7.55763     0.840791      1.13110      9.55035     0.615897      0.00000     0.189335E-02 0.189335E-02  0.00000      0.00000      13.9133    
  24000.0      1273.00      7.55801     0.840746      1.13110      9.55035     0.615551      0.00000     0.186008E-02 0.186008E-02  0.00000      0.00000      13.9136    
  24000.0      1273.00      7.55840     0.840702      1.13110      9.55035     0.615202      0.00000     0.182653E-02 0.182653E-02  0.00000      0.00000      13.9139    
  24000.0      1273.00      7.55878     0.840657      1.13110      9.55035     0.614846      0.00000     0.179353E-02 0.179353E-02  0.00000      0.00000      13.9142    
  24000.0      1273.00      7.55916     0.840612      1.13110      9.55034     0.614496      0.00000     0.175966E-02 0.175966E-02  0.00000      0.00000      13.9145    
  24000.0      1273.00      7.55955     0.840567      1.13110      9.55034     0.614146      0.00000     0.172631E-02 0.172631E-02  0.00000      0.00000      13.9148    
  24000.0      1273.00      7.55993     0.840522      1.13110      9.55034     0.613797      0.00000     0.169249E-02 0.169249E-02  0.00000      0.00000      13.9151    
  24000.0      1273.00      7.56031     0.840477      1.13110      9.55034     0.613446      0.00000     0.165854E-02 0.165854E-02  0.00000      0.00000      13.9154    
  24000.0      1273.00      7.56070     0.840432      1.13110      9.55034     0.613097      0.00000     0.162347E-02 0.162347E-02  0.00000      0.00000      13.9157    
  24000.0      1273.00      7.56108     0.840387      1.13110      9.55034     0.612748      0.00000     0.158827E-02 0.158827E-02  0.00000      0.00000      13.9160    
  24000.0      1273.00      7.56146     0.840343      1.13110      9.55034     0.612393      0.00000     0.155403E-02 0.155403E-02  0.00000      0.00000      13.9163    
  24000.0      1273.00      7.56185     0.840298      1.13110      9.55034     0.612043      0.00000     0.151857E-02 0.151857E-02  0.00000      0.00000      13.9166    
  24000.0      1273.00      7.56223     0.840253      1.13110      9.55034     0.611691      0.00000     0.148300E-02 0.148300E-02  0.00000      0.00000      13.9169    
  24000.0      1273.00      7.56262     0.840208      1.13110      9.55034     0.611334      0.00000     0.144807E-02 0.144807E-02  0.00000      0.00000      13.9171    
  24000.0      1273.00      7.56300     0.840164      1.13110      9.55034     0.610983      0.00000     0.141220E-02 0.141220E-02  0.00000      0.00000      13.9174    
  24000.0      1273.00      7.56339     0.840119      1.13110      9.55034     0.610631      0.00000     0.137621E-02 0.137621E-02  0.00000      0.00000      13.9177    
  24000.0      1273.00      7.56377     0.840074      1.13110      9.55034     0.610276      0.00000     0.134067E-02 0.134067E-02  0.00000      0.00000      13.9180    
  24000.0      1273.00      7.56416     0.840030      1.13110      9.55034     0.609925      0.00000     0.130439E-02 0.130439E-02  0.00000      0.00000      13.9183    
  24000.0      1273.00      7.56454     0.839985      1.13110      9.55034     0.609574      0.00000     0.126833E-02 0.126833E-02  0.00000      0.00000      13.9186    
  24000.0      1273.00      7.56493     0.839940      1.13110      9.55033     0.609221      0.00000     0.123285E-02 0.123285E-02  0.00000      0.00000      13.9188    
  24000.0      1273.00      7.56531     0.839896      1.13110      9.55033     0.608881      0.00000     0.119707E-02 0.119707E-02  0.00000      0.00000      13.9191    
  24000.0      1273.00      7.56570     0.839852      1.13110      9.55033     0.608525      0.00000     0.116033E-02 0.116033E-02  0.00000      0.00000      13.9194    
  24000.0      1273.00      7.56609     0.839807      1.13110      9.55033     0.608170      0.00000     0.112347E-02 0.112347E-02  0.00000      0.00000      13.9197    
  24000.0      1273.00      7.56647     0.839762      1.13110      9.55033     0.607815      0.00000     0.108646E-02 0.108646E-02  0.00000      0.00000      13.9199    
  24000.0      1273.00      7.56686     0.839718      1.13110      9.55033     0.607461      0.00000     0.104920E-02 0.104920E-02  0.00000      0.00000      13.9202    
  24000.0      1273.00      7.56725     0.839674      1.13110      9.55033     0.607107      0.00000     0.101185E-02 0.101185E-02  0.00000      0.00000      13.9205    
  24000.0      1273.00      7.56763     0.839629      1.13110      9.55033     0.606752      0.00000     0.974444E-03 0.974444E-03  0.00000      0.00000      13.9207    
  24000.0      1273.00      7.56802     0.839585      1.13110      9.55033     0.606398      0.00000     0.936796E-03 0.936796E-03  0.00000      0.00000      13.9210    
  24000.0      1273.00      7.56841     0.839540      1.13110      9.55033     0.606041      0.00000     0.899180E-03 0.899180E-03  0.00000      0.00000      13.9213    
  24000.0      1273.00      7.56879     0.839496      1.13110      9.55033     0.605683      0.00000     0.861529E-03 0.861529E-03  0.00000      0.00000      13.9215    
  24000.0      1273.00      7.56918     0.839451      1.13110      9.55033     0.605327      0.00000     0.823473E-03 0.823473E-03  0.00000      0.00000      13.9218    
  24000.0      1273.00      7.56957     0.839407      1.13110      9.55033     0.604970      0.00000     0.785386E-03 0.785386E-03  0.00000      0.00000      13.9220    
  24000.0      1273.00      7.56995     0.839362      1.13110      9.55033     0.604614      0.00000     0.747228E-03 0.747228E-03  0.00000      0.00000      13.9223    
  24000.0      1273.00      7.57034     0.839318      1.13110      9.55032     0.604257      0.00000     0.709004E-03 0.709004E-03  0.00000      0.00000      13.9225    
  24000.0      1273.00      7.57073     0.839273      1.13110      9.55032     0.603903      0.00000     0.670737E-03 0.670737E-03  0.00000      0.00000      13.9228    
  24000.0      1273.00      7.57112     0.839229      1.13110      9.55032     0.603548      0.00000     0.632278E-03 0.632278E-03  0.00000      0.00000      13.9231    
  24000.0      1273.00      7.57150     0.839184      1.13110      9.55032     0.603194      0.00000     0.593721E-03 0.593721E-03  0.00000      0.00000      13.9233    
  24000.0      1273.00      7.57189     0.839140      1.13110      9.55032     0.602840      0.00000     0.555057E-03 0.555057E-03  0.00000      0.00000      13.9236    
  24000.0      1273.00      7.57228     0.839095      1.13110      9.55032     0.602487      0.00000     0.516259E-03 0.516259E-03  0.00000      0.00000      13.9238    
  24000.0      1273.00      7.57267     0.839051      1.13110      9.55032     0.602132      0.00000     0.477551E-03 0.477551E-03  0.00000      0.00000      13.9241    
  24000.0      1273.00      7.57306     0.839007      1.13110      9.55032     0.601777      0.00000     0.438759E-03 0.438759E-03  0.00000      0.00000      13.9243    
  24000.0      1273.00      7.57345     0.838962      1.13110      9.55032     0.601419      0.00000     0.399723E-03 0.399723E-03  0.00000      0.00000      13.9246    
  24000.0      1273.00      7.57383     0.838918      1.13110      9.55032     0.601063      0.00000     0.360417E-03 0.360417E-03  0.00000      0.00000      13.9248    
  24000.0      1273.00      7.57422     0.838874      1.13110      9.55032     0.600707      0.00000     0.320947E-03 0.320947E-03  0.00000      0.00000      13.9251    
  24000.0      1273.00      7.57461     0.838829      1.13110      9.55032     0.600350      0.00000     0.281638E-03 0.281638E-03  0.00000      0.00000      13.9253    
  24000.0      1273.00      7.57500     0.838785      1.13110      9.55032     0.599992      0.00000     0.242390E-03 0.242390E-03  0.00000      0.00000      13.9256    
  24000.0      1273.00      7.57539     0.838740      1.13110      9.55032     0.599634      0.00000     0.203119E-03 0.203119E-03  0.00000      0.00000      13.9258    
  24000.0      1273.00      7.57578     0.838696      1.13110      9.55032     0.599276      0.00000     0.165893E-03 0.165893E-03  0.00000      0.00000      13.9261    
  24000.0      1273.00      7.57617     0.838652      1.13110      9.55031     0.598922      0.00000     0.129461E-03 0.129461E-03  0.00000      0.00000      13.9263    
  24000.0      1273.00      7.57656     0.838608      1.13110      9.55031     0.598568      0.00000     0.929966E-04 0.929966E-04  0.00000      0.00000      13.9266    
  24000.0      1273.00      7.57695     0.838563      1.13110      9.55031     0.598212      0.00000     0.547265E-04 0.547265E-04  0.00000      0.00000      13.9268    
  24000.0      1273.00      7.57734     0.838519      1.13110      9.55031     0.597859      0.00000     0.188043E-04 0.188043E-04  0.00000      0.00000      13.9271    
  24000.0      1273.00      7.57773     0.838476      1.13110      9.55031     0.597489      0.00000      0.00000      0.00000      0.00000      0.00000      13.9273    
  24000.0      1273.00      7.57812     0.838432      1.13110      9.55031     0.597118      0.00000      0.00000      0.00000      0.00000      0.00000      13.9276    
  24000.0      1273.00      7.57851     0.838389      1.13110      9.55031     0.596707      0.00000     0.356023E-04 0.356023E-04  0.00000      0.00000      13.9279    
  24000.0      1273.00      7.57890     0.838345      1.13110      9.55031     0.596355      0.00000      0.00000      0.00000      0.00000      0.00000      13.9281    
  24000.0      1273.00      7.57929     0.838302      1.13110      9.55031     0.595977      0.00000      0.00000      0.00000      0.00000      0.00000      13.9284    
  24000.0      1273.00      7.57968     0.838258      1.13110      9.55031     0.595590      0.00000      0.00000      0.00000      0.00000      0.00000      13.9286    
  24000.0      1273.00      7.58007     0.838215      1.13110      9.55031     0.595193      0.00000     0.276500E-04 0.276500E-04  0.00000      0.00000      13.9289    
  24000.0      1273.00      7.58046     0.838171      1.13110      9.55031     0.594830      0.00000      0.00000      0.00000      0.00000      0.00000      13.9292    
  24000.0      1273.00      7.58085     0.838127      1.13110      9.55031     0.594449      0.00000      0.00000      0.00000      0.00000      0.00000      13.9294    
  24000.0      1273.00      7.58125     0.838083      1.13110      9.55031     0.594063      0.00000      0.00000      0.00000      0.00000      0.00000      13.9297    
  24000.0      1273.00      7.58164     0.838040      1.13110      9.55030     0.593682      0.00000      0.00000      0.00000      0.00000      0.00000      13.9299    
  24000.0      1273.00      7.58203     0.837996      1.13110      9.55030     0.593301      0.00000      0.00000      0.00000      0.00000      0.00000      13.9302    
  24000.0      1273.00      7.58242     0.837953      1.13110      9.55030     0.592921      0.00000      0.00000      0.00000      0.00000      0.00000      13.9305    
  24000.0      1273.00      7.58281     0.837909      1.13110      9.55030     0.592539      0.00000      0.00000      0.00000      0.00000      0.00000      13.9307    
  24000.0      1273.00      7.58320     0.837866      1.13110      9.55030     0.592158      0.00000      0.00000      0.00000      0.00000      0.00000      13.9310    
  24000.0      1273.00      7.58360     0.837822      1.13110      9.55030     0.591772      0.00000      0.00000      0.00000      0.00000      0.00000      13.9312    
  24000.0      1273.00      7.58399     0.837778      1.13110      9.55030     0.591390      0.00000      0.00000      0.00000      0.00000      0.00000      13.9315    
  24000.0      1273.00      7.58438     0.837735      1.13110      9.55030     0.591009      0.00000      0.00000      0.00000      0.00000      0.00000      13.9317    
  24000.0      1273.00      7.58477     0.837691      1.13110      9.55030     0.590626      0.00000      0.00000      0.00000      0.00000      0.00000      13.9320    
  24000.0      1273.00      7.58516     0.837648      1.13110      9.55030     0.590244      0.00000      0.00000      0.00000      0.00000      0.00000      13.9322    
  24000.0      1273.00      7.58556     0.837604      1.13110      9.55030     0.589850      0.00000      0.00000      0.00000      0.00000      0.00000      13.9325    
  24000.0      1273.00      7.58595     0.837560      1.13110      9.55030     0.589464      0.00000      0.00000      0.00000      0.00000      0.00000      13.9327    
  24000.0      1273.00      7.58634     0.837516      1.13110      9.55030     0.589081      0.00000      0.00000      0.00000      0.00000      0.00000      13.9330    
  24000.0      1273.00      7.58673     0.837473      1.13110      9.55029     0.588698      0.00000      0.00000      0.00000      0.00000      0.00000      13.9333    
  24000.0      1273.00      7.58713     0.837429      1.13110      9.55029     0.588315      0.00000      0.00000      0.00000      0.00000      0.00000      13.9335    
  24000.0      1273.00      7.58752     0.837386      1.13110      9.55029     0.587932      0.00000      0.00000      0.00000      0.00000      0.00000      13.9338    
  24000.0      1273.00      7.58791     0.837343      1.13110      9.55029     0.587550      0.00000     0.764084E-05 0.764084E-05  0.00000      0.00000      13.9340    
  24000.0      1273.00      7.58831     0.837299      1.13110      9.55029     0.587165      0.00000     0.134261E-04 0.134261E-04  0.00000      0.00000      13.9343    
  24000.0      1273.00      7.58870     0.837255      1.13110      9.55029     0.586784      0.00000      0.00000      0.00000      0.00000      0.00000      13.9345    
  24000.0      1273.00      7.58909     0.837211      1.13110      9.55029     0.586391      0.00000      0.00000      0.00000      0.00000      0.00000      13.9348    
  24000.0      1273.00      7.58949     0.837167      1.13110      9.55029     0.585999      0.00000      0.00000      0.00000      0.00000      0.00000      13.9350    
  24000.0      1273.00      7.58988     0.837123      1.13110      9.55029     0.585607      0.00000      0.00000      0.00000      0.00000      0.00000      13.9353    
  24000.0      1273.00      7.59027     0.837079      1.13110      9.55029     0.585213      0.00000      0.00000      0.00000      0.00000      0.00000      13.9355    
  24000.0      1273.00      7.59066     0.837035      1.13110      9.55029     0.584820      0.00000      0.00000      0.00000      0.00000      0.00000      13.9357    
  24000.0      1273.00      7.59106     0.836991      1.13110      9.55029     0.584426      0.00000      0.00000      0.00000      0.00000      0.00000      13.9360    
  24000.0      1273.00      7.59145     0.836947      1.13110      9.55029     0.584032      0.00000      0.00000      0.00000      0.00000      0.00000      13.9362    
  24000.0      1273.00      7.59184     0.836903      1.13110      9.55029     0.583639      0.00000      0.00000      0.00000      0.00000      0.00000      13.9365    
  24000.0      1273.00      7.59224     0.836859      1.13110      9.55028     0.583255      0.00000      0.00000      0.00000      0.00000      0.00000      13.9367    
  24000.0      1273.00      7.59263     0.836816      1.13110      9.55028     0.582871      0.00000      0.00000      0.00000      0.00000      0.00000      13.9370    
  24000.0      1273.00      7.59303     0.836772      1.13110      9.55028     0.582490      0.00000      0.00000      0.00000      0.00000      0.00000      13.9372    
  24000.0      1273.00      7.59342     0.836729      1.13110      9.55028     0.582108      0.00000      0.00000      0.00000      0.00000      0.00000      13.9375    
  24000.0      1273.00      7.59382     0.836685      1.13110      9.55028     0.581723      0.00000      0.00000      0.00000      0.00000      0.00000      13.9377    
  24000.0      1273.00      7.59421     0.836642      1.13110      9.55028     0.581340      0.00000      0.00000      0.00000      0.00000      0.00000      13.9380    
  24000.0      1273.00      7.59460     0.836598      1.13110      9.55028     0.580961      0.00000      0.00000      0.00000      0.00000      0.00000      13.9382    
  24000.0      1273.00      7.59553     0.836598      1.13110      9.55028     0.581517     0.532950E-02 0.311000E-03 0.500000E-01 0.123695E-01 0.414500E-03  13.9794    
  24000.0      1273.00      7.59539     0.836510      1.13110      9.55028     0.580158      0.00000     0.990679E-06 0.990678E-06  0.00000      0.00000      13.9387    
  24000.0      1273.00      7.59579     0.836466      1.13110      9.55028     0.579775      0.00000      0.00000      0.00000      0.00000      0.00000      13.9389    
  24000.0      1273.00      7.59618     0.836423      1.13110      9.55028     0.579391      0.00000      0.00000      0.00000      0.00000      0.00000      13.9392    
  24000.0      1273.00      7.59658     0.836379      1.13110      9.55028     0.579008      0.00000      0.00000      0.00000      0.00000      0.00000      13.9394    
  24000.0      1273.00      7.59697     0.836336      1.13110      9.55028     0.578622      0.00000     0.251838E-05 0.251838E-05  0.00000      0.00000      13.9397    
  24000.0      1273.00      7.59737     0.836292      1.13110      9.55028     0.578238      0.00000      0.00000      0.00000      0.00000      0.00000      13.9399    
  24000.0      1273.00      7.59776     0.836248      1.13110      9.55027     0.577852      0.00000      0.00000      0.00000      0.00000      0.00000      13.9402    
  24000.0      1273.00      7.59816     0.836205      1.13110      9.55027     0.577466      0.00000     0.299759E-05 0.299759E-05  0.00000      0.00000      13.9404    
  24000.0      1273.00      7.59855     0.836161      1.13110      9.55027     0.577084      0.00000      0.00000      0.00000      0.00000      0.00000      13.9407    
  24000.0      1273.00      7.59895     0.836118      1.13110      9.55027     0.576695      0.00000     0.757310E-05 0.757310E-05  0.00000      0.00000      13.9409    
  24000.0      1273.00      7.59934     0.836074      1.13110      9.55027     0.576315      0.00000      0.00000      0.00000      0.00000      0.00000      13.9411    
  24000.0      1273.00      7.59974     0.836029      1.13110      9.55027     0.575898      0.00000      0.00000      0.00000      0.00000      0.00000      13.9414    
  24000.0      1273.00      7.60013     0.835986      1.13110      9.55027     0.575514      0.00000      0.00000      0.00000      0.00000      0.00000      13.9416    
  24000.0      1273.00      7.60053     0.835942      1.13110      9.55027     0.575129      0.00000      0.00000      0.00000      0.00000      0.00000      13.9419    
  24000.0      1273.00      7.60092     0.835899      1.13110      9.55027     0.574744      0.00000      0.00000      0.00000      0.00000      0.00000      13.9421    
  24000.0      1273.00      7.60132     0.835855      1.13110      9.55027     0.574355      0.00000      0.00000      0.00000      0.00000      0.00000      13.9423    
  24000.0      1273.00      7.60171     0.835811      1.13110      9.55027     0.573965      0.00000      0.00000      0.00000      0.00000      0.00000      13.9426    
  24000.0      1273.00      7.60211     0.835769      1.13110      9.55027     0.573608      0.00000      0.00000      0.00000      0.00000      0.00000      13.9428    
  24000.0      1273.00      7.60251     0.835725      1.13110      9.55027     0.573216      0.00000     0.768864E-05 0.768864E-05  0.00000      0.00000      13.9431    
  24000.0      1273.00      7.60290     0.835682      1.13110      9.55027     0.572820      0.00000     0.210716E-04 0.210716E-04  0.00000      0.00000      13.9433    
  24000.0      1273.00      7.60330     0.835638      1.13110      9.55026     0.572456      0.00000      0.00000      0.00000      0.00000      0.00000      13.9436    
  24000.0      1273.00      7.60369     0.835595      1.13110      9.55026     0.572071      0.00000      0.00000      0.00000      0.00000      0.00000      13.9438    
  24000.0      1273.00      7.60409     0.835551      1.13110      9.55026     0.571686      0.00000      0.00000      0.00000      0.00000      0.00000      13.9441    
  24000.0      1273.00      7.60449     0.835507      1.13110      9.55026     0.571302      0.00000      0.00000      0.00000      0.00000      0.00000      13.9443    
  24000.0      1273.00      7.60488     0.835464      1.13110      9.55026     0.570918      0.00000      0.00000      0.00000      0.00000      0.00000      13.9445    
  24000.0      1273.00      7.60528     0.835421      1.13110      9.55026     0.570494      0.00000     0.492624E-04 0.492624E-04  0.00000      0.00000      13.9448    
  24000.0      1273.00      7.60567     0.835376      1.13110      9.55026     0.570133      0.00000     0.862796E-05 0.862796E-05  0.00000      0.00000      13.9450    
  24000.0      1273.00      7.60607     0.835333      1.13110      9.55026     0.569760      0.00000      0.00000      0.00000      0.00000      0.00000      13.9453    
  24000.0      1273.00      7.60647     0.835288      1.13110      9.55026     0.569317      0.00000     0.268655E-04 0.268655E-04  0.00000      0.00000      13.9455    
  24000.0      1273.00      7.60686     0.835244      1.13110      9.55026     0.568946      0.00000      0.00000      0.00000      0.00000      0.00000      13.9457    
  24000.0      1273.00      7.60726     0.835204      1.13110      9.55026     0.568634      0.00000      0.00000      0.00000      0.00000      0.00000      13.9460    
  24000.0      1273.00      7.60766     0.835164      1.13110      9.55026     0.568325      0.00000      0.00000      0.00000      0.00000      0.00000      13.9463    
  24000.0      1273.00      7.60806     0.835124      1.13110      9.55026     0.568018      0.00000     0.648362E-06 0.648361E-06  0.00000      0.00000      13.9466    
  24000.0      1273.00      7.60845     0.835077      1.13110      9.55025     0.567572      0.00000      0.00000      0.00000      0.00000      0.00000      13.9468    
  24000.0      1273.00      7.60885     0.835031      1.13110      9.55025     0.567131      0.00000     0.291931E-05 0.291931E-05  0.00000      0.00000      13.9470    
  24000.0      1273.00      7.60924     0.834985      1.13110      9.55025     0.566689      0.00000     0.130484E-04 0.130484E-04  0.00000      0.00000      13.9472    
  24000.0      1273.00      7.60964     0.834942      1.13110      9.55025     0.566326      0.00000      0.00000      0.00000      0.00000      0.00000      13.9475    
  24000.0      1273.00      7.61004     0.834898      1.13110      9.55025     0.565939      0.00000      0.00000      0.00000      0.00000      0.00000      13.9477    
  24000.0      1273.00      7.61044     0.834856      1.13110      9.55025     0.565505      0.00000     0.680289E-04 0.680289E-04  0.00000      0.00000      13.9480    
  24000.0      1273.00      7.61083     0.834812      1.13110      9.55025     0.565145      0.00000     0.272200E-04 0.272200E-04  0.00000      0.00000      13.9482    
  24000.0      1273.00      7.61123     0.834768      1.13110      9.55025     0.564770      0.00000     0.106463E-04 0.106463E-04  0.00000      0.00000      13.9484    
  24000.0      1273.00      7.61163     0.834724      1.13110      9.55025     0.564390      0.00000      0.00000      0.00000      0.00000      0.00000      13.9487    
  24000.0      1273.00      7.61202     0.834680      1.13110      9.55025     0.564004      0.00000      0.00000      0.00000      0.00000      0.00000      13.9489    
  24000.0      1273.00      7.61242     0.834637      1.13110      9.55025     0.563621      0.00000      0.00000      0.00000      0.00000      0.00000      13.9491    
  24000.0      1273.00      7.61282     0.834594      1.13110      9.55025     0.563252      0.00000      0.00000      0.00000      0.00000      0.00000      13.9494    
  24000.0      1273.00      7.61322     0.834551      1.13110      9.55025     0.562870      0.00000      0.00000      0.00000      0.00000      0.00000      13.9496    
  24000.0      1273.00      7.61362     0.834508      1.13110      9.55025     0.562496      0.00000      0.00000      0.00000      0.00000      0.00000      13.9499    
  24000.0      1273.00      7.61401     0.834465      1.13110      9.55024     0.562113      0.00000     0.150290E-04 0.150290E-04  0.00000      0.00000      13.9501    
  24000.0      1273.00      7.61441     0.834421      1.13110      9.55024     0.561737      0.00000      0.00000      0.00000      0.00000      0.00000      13.9504    
  24000.0      1273.00      7.61481     0.834377      1.13110      9.55024     0.561347      0.00000      0.00000      0.00000      0.00000      0.00000      13.9506    
  24000.0      1273.00      7.61521     0.834333      1.13110      9.55024     0.560957      0.00000      0.00000      0.00000      0.00000      0.00000      13.9508    
  24000.0      1273.00      7.61561     0.834290      1.13110      9.55024     0.560572      0.00000      0.00000      0.00000      0.00000      0.00000      13.9511    
  24000.0      1273.00      7.61600     0.834246      1.13110      9.55024     0.560187      0.00000      0.00000      0.00000      0.00000      0.00000      13.9513    
  24000.0      1273.00      7.61640     0.834202      1.13110      9.55024     0.559802      0.00000      0.00000      0.00000      0.00000      0.00000      13.9515    
  24000.0      1273.00      7.61680     0.834159      1.13110      9.55024     0.559416      0.00000      0.00000      0.00000      0.00000      0.00000      13.9518    
  24000.0      1273.00      7.61720     0.834115      1.13110      9.55024     0.559027      0.00000      0.00000      0.00000      0.00000      0.00000      13.9520    
  24000.0      1273.00      7.61760     0.834071      1.13110      9.55024     0.558639      0.00000      0.00000      0.00000      0.00000      0.00000      13.9523    
  24000.0      1273.00      7.61799     0.834028      1.13110      9.55024     0.558250      0.00000      0.00000      0.00000      0.00000      0.00000      13.9525    
  24000.0      1273.00      7.61839     0.833984      1.13110      9.55024     0.557861      0.00000      0.00000      0.00000      0.00000      0.00000      13.9527    
  24000.0      1273.00      7.61879     0.833940      1.13110      9.55024     0.557472      0.00000      0.00000      0.00000      0.00000      0.00000      13.9530    
  24000.0      1273.00      7.61919     0.833896      1.13110      9.55023     0.557083      0.00000      0.00000      0.00000      0.00000      0.00000      13.9532    
  24000.0      1273.00      7.61959     0.833852      1.13110      9.55023     0.556694      0.00000      0.00000      0.00000      0.00000      0.00000      13.9534    
  24000.0      1273.00      7.61999     0.833809      1.13110      9.55023     0.556305      0.00000      0.00000      0.00000      0.00000      0.00000      13.9537    
  24000.0      1273.00      7.62038     0.833765      1.13110      9.55023     0.555917      0.00000      0.00000      0.00000      0.00000      0.00000      13.9539    
  24000.0      1273.00      7.62078     0.833721      1.13110      9.55023     0.555528      0.00000      0.00000      0.00000      0.00000      0.00000      13.9541    
  24000.0      1273.00      7.62118     0.833677      1.13110      9.55023     0.555139      0.00000      0.00000      0.00000      0.00000      0.00000      13.9544    
  24000.0      1273.00      7.62158     0.833634      1.13110      9.55023     0.554751      0.00000      0.00000      0.00000      0.00000      0.00000      13.9546    
  24000.0      1273.00      7.62198     0.833590      1.13110      9.55023     0.554364      0.00000      0.00000      0.00000      0.00000      0.00000      13.9549    
  24000.0      1273.00      7.62238     0.833546      1.13110      9.55023     0.553976      0.00000      0.00000      0.00000      0.00000      0.00000      13.9551    
  24000.0      1273.00      7.62278     0.833502      1.13110      9.55023     0.553590      0.00000      0.00000      0.00000      0.00000      0.00000      13.9553    
  24000.0      1273.00      7.62318     0.833459      1.13110      9.55023     0.553202      0.00000      0.00000      0.00000      0.00000      0.00000      13.9556    
  24000.0      1273.00      7.62357     0.833414      1.13110      9.55023     0.552800      0.00000      0.00000      0.00000      0.00000      0.00000      13.9558    
  24000.0      1273.00      7.62397     0.833371      1.13110      9.55023     0.552411      0.00000      0.00000      0.00000      0.00000      0.00000      13.9560    
  24000.0      1273.00      7.62437     0.833327      1.13110      9.55023     0.552023      0.00000      0.00000      0.00000      0.00000      0.00000      13.9563    
  24000.0      1273.00      7.62477     0.833283      1.13110      9.55022     0.551635      0.00000      0.00000      0.00000      0.00000      0.00000      13.9565    
  24000.0      1273.00      7.62517     0.833240      1.13110      9.55022     0.551247      0.00000      0.00000      0.00000      0.00000      0.00000      13.9567    
  24000.0      1273.00      7.62557     0.833196      1.13110      9.55022     0.550858      0.00000      0.00000      0.00000      0.00000      0.00000      13.9570    
  24000.0      1273.00      7.62597     0.833152      1.13110      9.55022     0.550470      0.00000      0.00000      0.00000      0.00000      0.00000      13.9572    
  24000.0      1273.00      7.62637     0.833108      1.13110      9.55022     0.550080      0.00000      0.00000      0.00000      0.00000      0.00000      13.9574    
  24000.0      1273.00      7.62677     0.833064      1.13110      9.55022     0.549687      0.00000      0.00000      0.00000      0.00000      0.00000      13.9577    
  24000.0      1273.00      7.62717     0.833021      1.13110      9.55022     0.549298      0.00000      0.00000      0.00000      0.00000      0.00000      13.9579    
  24000.0      1273.00      7.62757     0.832977      1.13110      9.55022     0.548909      0.00000      0.00000      0.00000      0.00000      0.00000      13.9581    
  24000.0      1273.00      7.62797     0.832933      1.13110      9.55022     0.548519      0.00000      0.00000      0.00000      0.00000      0.00000      13.9584    
  24000.0      1273.00      7.62837     0.832889      1.13110      9.55022     0.548129      0.00000      0.00000      0.00000      0.00000      0.00000      13.9586    
  24000.0      1273.00      7.62877     0.832846      1.13110      9.55022     0.547738      0.00000     0.328872E-05 0.328872E-05  0.00000      0.00000      13.9588    
  24000.0      1273.00      7.62917     0.832802      1.13110      9.55022     0.547350      0.00000      0.00000      0.00000      0.00000      0.00000      13.9591    
  24000.0      1273.00      7.62957     0.832758      1.13110      9.55022     0.546959      0.00000      0.00000      0.00000      0.00000      0.00000      13.9593    
  24000.0      1273.00      7.62997     0.832714      1.13110      9.55021     0.546569      0.00000      0.00000      0.00000      0.00000      0.00000      13.9595    
  24000.0      1273.00      7.63036     0.832670      1.13110      9.55021     0.546179      0.00000      0.00000      0.00000      0.00000      0.00000      13.9598    
  24000.0      1273.00      7.63076     0.832626      1.13110      9.55021     0.545788      0.00000      0.00000      0.00000      0.00000      0.00000      13.9600    
  24000.0      1273.00      7.63116     0.832583      1.13110      9.55021     0.545398      0.00000      0.00000      0.00000      0.00000      0.00000      13.9602    
  24000.0      1273.00      7.63156     0.832539      1.13110      9.55021     0.545007      0.00000      0.00000      0.00000      0.00000      0.00000      13.9605    
  24000.0      1273.00      7.63196     0.832495      1.13110      9.55021     0.544617      0.00000      0.00000      0.00000      0.00000      0.00000      13.9607    
  24000.0      1273.00      7.63237     0.832451      1.13110      9.55021     0.544227      0.00000      0.00000      0.00000      0.00000      0.00000      13.9609    
  24000.0      1273.00      7.63277     0.832407      1.13110      9.55021     0.543836      0.00000      0.00000      0.00000      0.00000      0.00000      13.9612    
  24000.0      1273.00      7.63317     0.832364      1.13110      9.55021     0.543446      0.00000      0.00000      0.00000      0.00000      0.00000      13.9614    
  24000.0      1273.00      7.63357     0.832320      1.13110      9.55021     0.543056      0.00000      0.00000      0.00000      0.00000      0.00000      13.9616    
  24000.0      1273.00      7.63397     0.832276      1.13110      9.55021     0.542666      0.00000      0.00000      0.00000      0.00000      0.00000      13.9619    
  24000.0      1273.00      7.63437     0.832232      1.13110      9.55021     0.542275      0.00000      0.00000      0.00000      0.00000      0.00000      13.9621    
  24000.0      1273.00      7.63477     0.832188      1.13110      9.55021     0.541885      0.00000      0.00000      0.00000      0.00000      0.00000      13.9623    
  24000.0      1273.00      7.63517     0.832144      1.13110      9.55021     0.541494      0.00000      0.00000      0.00000      0.00000      0.00000      13.9626    
  24000.0      1273.00      7.63557     0.832101      1.13110      9.55020     0.541103      0.00000      0.00000      0.00000      0.00000      0.00000      13.9628    
  24000.0      1273.00      7.63597     0.832057      1.13110      9.55020     0.540716      0.00000      0.00000      0.00000      0.00000      0.00000      13.9630    
  24000.0      1273.00      7.63637     0.832013      1.13110      9.55020     0.540326      0.00000      0.00000      0.00000      0.00000      0.00000      13.9633    
  24000.0      1273.00      7.63677     0.831969      1.13110      9.55020     0.539936      0.00000      0.00000      0.00000      0.00000      0.00000      13.9635    
  24000.0      1273.00      7.63717     0.831925      1.13110      9.55020     0.539546      0.00000      0.00000      0.00000      0.00000      0.00000      13.9637    
  24000.0      1273.00      7.63757     0.831882      1.13110      9.55020     0.539156      0.00000      0.00000      0.00000      0.00000      0.00000      13.9639    
  24000.0      1273.00      7.63797     0.831838      1.13110      9.55020     0.538766      0.00000      0.00000      0.00000      0.00000      0.00000      13.9642    
  24000.0      1273.00      7.63837     0.831794      1.13110      9.55020     0.538375      0.00000      0.00000      0.00000      0.00000      0.00000      13.9644    
  24000.0      1273.00      7.63877     0.831750      1.13110      9.55020     0.537985      0.00000      0.00000      0.00000      0.00000      0.00000      13.9646    
  24000.0      1273.00      7.63918     0.831706      1.13110      9.55020     0.537595      0.00000      0.00000      0.00000      0.00000      0.00000      13.9649    
  24000.0      1273.00      7.63958     0.831662      1.13110      9.55020     0.537205      0.00000      0.00000      0.00000      0.00000      0.00000      13.9651    
  24000.0      1273.00      7.63998     0.831619      1.13110      9.55020     0.536814      0.00000      0.00000      0.00000      0.00000      0.00000      13.9653    
  24000.0      1273.00      7.64038     0.831575      1.13110      9.55020     0.536424      0.00000      0.00000      0.00000      0.00000      0.00000      13.9656    
