  1  0.00000     pseudo_experiment  0.00000    
  2 0.146869E-02 MgSbin1           0.146869E-02
  3 0.270018E-02 MgSbin2           0.416887E-02
  4 0.246814E-02 MgSbin3           0.663701E-02
  5 0.944795E-02 MgSbin4           0.160850E-01
  6 0.653532E-02 MgSbin5           0.226203E-01
  7 0.649999E-03 MgSbin6           0.232703E-01
  8 0.143251E-02 MgSbin7           0.247028E-01
  9 0.351569E-02 MgSbin8           0.282185E-01
 10 0.994759E-05 MgSbin9           0.282284E-01
 11 0.579607E-03 MgSbin11          0.288080E-01
 12 0.425771E-03 MgSbin12          0.292338E-01
 13 0.335123E-02 MgSbin13          0.325850E-01
 14 0.889973E-04 MgSbin14          0.326740E-01
 15 0.404951E-03 MgSbin15          0.330790E-01
 16 0.150797E-03 MgSbin16          0.332298E-01
 17 0.351424E-02 MgSbin18          0.367440E-01
 18 0.263165E-02 MgSbin19          0.393757E-01
 19 0.605319E-03 MgSbin20          0.399810E-01
 20 0.390899E-03 MgSbin21          0.403719E-01
 21 0.505996E-03 MgSbin22          0.408779E-01
 22 0.702984E-03 MgSbin23          0.415809E-01
 23 0.331013E-03 MgSbin24          0.419119E-01
 24 0.974627E-04 MgSbin25          0.420093E-01
 25 0.293460E-02 MgSbin26          0.449439E-01
 26 0.537016E-03 MgSbin27          0.454810E-01
 27 0.157590E-02 MgSbin29          0.470569E-01
 28 0.165163E-02 MgSbin30          0.487085E-01
 29 0.119428E-02 MgSbin31          0.499028E-01
 30 0.101501E-02 MgSbin32          0.509178E-01
 31 0.131305E-02 MgSbin33          0.522308E-01
 32 0.108753E-03 MgSbin34          0.523396E-01
 33 0.256810E-03 MgSbin35          0.525964E-01
 34 0.999481E-03 MgSbin36          0.535959E-01
 35 0.113395E-02 MgSbin37          0.547298E-01
 36 0.154065E-04 MgSbin39          0.547452E-01
 37 0.658737E-03 MgSbin40          0.554040E-01
 38 0.469689E-02 MgSbin41          0.601009E-01
 39 0.104530E-01 MgSbin42          0.705539E-01
 40 0.216296E-03 MgSbin43          0.707702E-01
 41 0.336175E-02 MgSbin44          0.741320E-01
 42 0.260325E-02 MgSbin45          0.767352E-01
 43 0.121473E-02 MgSbin46          0.779499E-01
 44 0.429553E-02 MgSbin47          0.822455E-01
 45 0.599149E-02 MgSbin48          0.882369E-01
 46 0.464598E-04 MgSbin50          0.882834E-01
 47 0.298987E-02 MgSbin51          0.912733E-01
 48 0.210804E-03 MgSbin52          0.914841E-01
 49 0.125061E-02 MgSbin55          0.927347E-01
 50 0.570403E-03 MgSbin56          0.933051E-01
 51 0.258262E-03 MgSbin57          0.935633E-01
 52 0.279518E-02 MgSbin59          0.963585E-01
 53 0.363733E-03 MgSbin61          0.967223E-01
 54 0.402636E-02 MgSbin64          0.100749    
 55 0.102012E-01 MgSbin65          0.110950    
 56 0.733629E-02 MgSbin66          0.118286    
 57 0.167101E-01 MgSbin67          0.134996    
  1  0.00000     pseudo_experiment  0.00000    
  2 0.206971E-02 MgSbin1           0.206971E-02
  3 0.378602E-02 MgSbin2           0.585573E-02
  4 0.606085E-02 MgSbin3           0.119166E-01
  5 0.475856E-02 MgSbin4           0.166751E-01
  6 0.415370E-02 MgSbin5           0.208288E-01
  7 0.146087E-02 MgSbin6           0.222897E-01
  8 0.108356E-02 MgSbin7           0.233733E-01
  9 0.289265E-02 MgSbin8           0.262659E-01
 10 0.279775E-04 MgSbin9           0.262939E-01
 11 0.141019E-02 MgSbin11          0.277041E-01
 12 0.219426E-04 MgSbin12          0.277260E-01
 13 0.246825E-02 MgSbin13          0.301943E-01
 14 0.537267E-03 MgSbin14          0.307315E-01
 15 0.163424E-03 MgSbin15          0.308950E-01
 16 0.516806E-03 MgSbin16          0.314118E-01
 17 0.529221E-02 MgSbin18          0.367040E-01
 18 0.454473E-02 MgSbin19          0.412487E-01
 19 0.104514E-02 MgSbin20          0.422938E-01
 20 0.279168E-03 MgSbin21          0.425730E-01
 21 0.979597E-03 MgSbin22          0.435526E-01
 22 0.126142E-02 MgSbin23          0.448140E-01
 23 0.331781E-04 MgSbin24          0.448472E-01
 24 0.114447E-02 MgSbin25          0.459917E-01
 25 0.158946E-02 MgSbin26          0.475811E-01
 26 0.668999E-03 MgSbin27          0.482501E-01
 27 0.129670E-02 MgSbin29          0.495468E-01
 28 0.358651E-02 MgSbin30          0.531333E-01
 29 0.165190E-02 MgSbin31          0.547852E-01
 30 0.842619E-03 MgSbin32          0.556279E-01
 31 0.183462E-02 MgSbin33          0.574625E-01
 32 0.392903E-03 MgSbin34          0.578554E-01
 33 0.306333E-03 MgSbin35          0.581617E-01
 34 0.843466E-03 MgSbin36          0.590052E-01
 35 0.106893E-02 MgSbin37          0.600741E-01
 36 0.466687E-04 MgSbin39          0.601208E-01
 37 0.515421E-03 MgSbin40          0.606362E-01
 38 0.279554E-02 MgSbin41          0.634318E-01
 39 0.139561E-01 MgSbin42          0.773879E-01
 40 0.293129E-03 MgSbin43          0.776810E-01
 41 0.536717E-02 MgSbin44          0.830482E-01
 42 0.322209E-02 MgSbin45          0.862703E-01
 43 0.107711E-02 MgSbin46          0.873474E-01
 44 0.409526E-02 MgSbin47          0.914426E-01
 45 0.471023E-02 MgSbin48          0.961529E-01
 46 0.112333E-03 MgSbin50          0.962652E-01
 47 0.297836E-02 MgSbin51          0.992436E-01
 48 0.405365E-04 MgSbin52          0.992841E-01
 49 0.981618E-03 MgSbin55          0.100266    
 50 0.711386E-03 MgSbin56          0.100977    
 51 0.402532E-03 MgSbin57          0.101380    
 52 0.241719E-02 MgSbin59          0.103797    
 53 0.117615E-02 MgSbin61          0.104973    
 54 0.543769E-02 MgSbin64          0.110411    
 55 0.188415E-01 MgSbin65          0.129252    
 56 0.723148E-02 MgSbin66          0.136484    
 57 0.701744E-02 MgSbin67          0.143501    
  1  0.00000     pseudo_experiment  0.00000    
  2 0.700949E-03 MgSbin1           0.700949E-03
  3 0.969712E-03 MgSbin2           0.167066E-02
  4 0.268066E-02 MgSbin3           0.435132E-02
  5 0.473503E-02 MgSbin4           0.908635E-02
  6 0.378339E-02 MgSbin5           0.128697E-01
  7 0.292494E-03 MgSbin6           0.131622E-01
  8 0.308625E-02 MgSbin7           0.162485E-01
  9 0.299252E-02 MgSbin8           0.192410E-01
 10 0.132813E-04 MgSbin9           0.192543E-01
 11 0.269338E-02 MgSbin11          0.219477E-01
 12 0.104224E-03 MgSbin12          0.220519E-01
 13 0.367087E-02 MgSbin13          0.257228E-01
 14 0.499080E-03 MgSbin14          0.262218E-01
 15 0.129795E-04 MgSbin15          0.262348E-01
 16 0.218405E-03 MgSbin16          0.264532E-01
 17 0.168954E-02 MgSbin18          0.281428E-01
 18 0.671573E-03 MgSbin19          0.288143E-01
 19 0.340602E-03 MgSbin20          0.291549E-01
 20 0.303389E-03 MgSbin21          0.294583E-01
 21 0.862126E-03 MgSbin22          0.303205E-01
 22 0.279390E-03 MgSbin23          0.305998E-01
 23 0.284424E-03 MgSbin24          0.308843E-01
 24 0.499449E-03 MgSbin25          0.313837E-01
 25 0.166006E-02 MgSbin26          0.330438E-01
 26 0.174897E-03 MgSbin27          0.332187E-01
 27 0.126118E-02 MgSbin29          0.344799E-01
 28 0.494246E-03 MgSbin30          0.349741E-01
 29 0.110988E-02 MgSbin31          0.360840E-01
 30 0.826568E-03 MgSbin32          0.369106E-01
 31 0.134710E-02 MgSbin33          0.382577E-01
 32 0.436670E-03 MgSbin34          0.386943E-01
 33 0.244412E-04 MgSbin35          0.387188E-01
 34 0.740021E-03 MgSbin36          0.394588E-01
 35 0.568761E-03 MgSbin37          0.400275E-01
 36 0.228695E-04 MgSbin39          0.400504E-01
 37 0.142334E-03 MgSbin40          0.401927E-01
 38 0.349478E-02 MgSbin41          0.436875E-01
 39 0.684478E-02 MgSbin42          0.505323E-01
 40 0.633487E-03 MgSbin43          0.511658E-01
 41 0.400233E-02 MgSbin44          0.551681E-01
 42 0.289648E-02 MgSbin45          0.580646E-01
 43 0.993241E-03 MgSbin46          0.590579E-01
 44 0.435226E-02 MgSbin47          0.634101E-01
 45 0.581415E-02 MgSbin48          0.692243E-01
 46 0.119197E-03 MgSbin50          0.693435E-01
 47 0.426344E-02 MgSbin51          0.736069E-01
 48 0.361827E-03 MgSbin52          0.739687E-01
 49 0.168690E-02 MgSbin55          0.756556E-01
 50 0.133226E-02 MgSbin56          0.769879E-01
 51 0.220070E-02 MgSbin57          0.791886E-01
 52 0.939310E-03 MgSbin59          0.801279E-01
 53 0.130233E-02 MgSbin61          0.814302E-01
 54 0.640476E-02 MgSbin64          0.878350E-01
 55 0.118937E-01 MgSbin65          0.997287E-01
 56 0.272616E-02 MgSbin66          0.102455    
 57 0.135764E-01 MgSbin67          0.116031    
  1  0.00000     pseudo_experiment  0.00000    
  2 0.461207E-03 MgSbin1           0.461207E-03
  3 0.413334E-03 MgSbin2           0.874541E-03
  4 0.230354E-02 MgSbin3           0.317808E-02
  5 0.458956E-02 MgSbin4           0.776764E-02
  6 0.203644E-02 MgSbin5           0.980408E-02
  7 0.210795E-03 MgSbin6           0.100149E-01
  8 0.528052E-03 MgSbin7           0.105429E-01
  9 0.213976E-03 MgSbin8           0.107569E-01
 10 0.487783E-04 MgSbin9           0.108057E-01
 11 0.236361E-02 MgSbin11          0.131693E-01
 12 0.296729E-04 MgSbin12          0.131990E-01
 13 0.128765E-02 MgSbin13          0.144866E-01
 14 0.136627E-02 MgSbin14          0.158529E-01
 15 0.250999E-03 MgSbin15          0.161039E-01
 16 0.166147E-03 MgSbin16          0.162700E-01
 17 0.613358E-02 MgSbin18          0.224036E-01
 18 0.769174E-03 MgSbin19          0.231728E-01
 19 0.483257E-03 MgSbin20          0.236560E-01
 20 0.409419E-03 MgSbin21          0.240655E-01
 21 0.329389E-03 MgSbin22          0.243948E-01
 22 0.926485E-04 MgSbin23          0.244875E-01
 23 0.836743E-03 MgSbin24          0.253242E-01
 24 0.157885E-02 MgSbin25          0.269031E-01
 25 0.230815E-03 MgSbin26          0.271339E-01
 26 0.705228E-03 MgSbin27          0.278391E-01
 27 0.986055E-03 MgSbin29          0.288252E-01
 28 0.223444E-02 MgSbin30          0.310596E-01
 29 0.753956E-03 MgSbin31          0.318136E-01
 30 0.616295E-03 MgSbin32          0.324299E-01
 31 0.144752E-02 MgSbin33          0.338774E-01
 32 0.645890E-03 MgSbin34          0.345233E-01
 33 0.165681E-03 MgSbin35          0.346890E-01
 34 0.110621E-02 MgSbin36          0.357952E-01
 35 0.865298E-03 MgSbin37          0.366605E-01
 36 0.166693E-04 MgSbin39          0.366772E-01
 37 0.350572E-03 MgSbin40          0.370277E-01
 38 0.286636E-02 MgSbin41          0.398941E-01
 39 0.819915E-02 MgSbin42          0.480932E-01
 40 0.327479E-04 MgSbin43          0.481260E-01
 41 0.333242E-02 MgSbin44          0.514584E-01
 42 0.180040E-02 MgSbin45          0.532588E-01
 43 0.957868E-03 MgSbin46          0.542167E-01
 44 0.434715E-02 MgSbin47          0.585638E-01
 45 0.556053E-02 MgSbin48          0.641244E-01
 46 0.363224E-04 MgSbin50          0.641607E-01
 47 0.496399E-02 MgSbin51          0.691247E-01
 48 0.179265E-03 MgSbin52          0.693039E-01
 49 0.182898E-02 MgSbin55          0.711329E-01
 50 0.124883E-02 MgSbin56          0.723817E-01
 51 0.496194E-03 MgSbin57          0.728779E-01
 52 0.113690E-02 MgSbin59          0.740148E-01
 53 0.937239E-03 MgSbin61          0.749521E-01
 54 0.503191E-03 MgSbin64          0.754553E-01
 55 0.155325E-01 MgSbin65          0.909877E-01
 56 0.587517E-02 MgSbin66          0.968629E-01
 57 0.537486E-02 MgSbin67          0.102238    
  1  0.00000     pseudo_experiment  0.00000    
  2 0.883002E-03 MgSbin1           0.883002E-03
  3 0.592913E-03 MgSbin2           0.147592E-02
  4 0.208682E-02 MgSbin3           0.356274E-02
  5 0.319769E-02 MgSbin4           0.676043E-02
  6 0.680322E-02 MgSbin5           0.135637E-01
  7 0.228003E-02 MgSbin6           0.158437E-01
  8 0.297678E-02 MgSbin7           0.188205E-01
  9 0.366025E-02 MgSbin8           0.224807E-01
 10 0.109862E-03 MgSbin9           0.225906E-01
 11 0.758142E-04 MgSbin11          0.226664E-01
 12 0.574653E-04 MgSbin12          0.227239E-01
 13 0.981796E-03 MgSbin13          0.237057E-01
 14 0.899707E-03 MgSbin14          0.246054E-01
 15 0.869335E-04 MgSbin15          0.246923E-01
 16 0.412916E-03 MgSbin16          0.251052E-01
 17 0.345475E-02 MgSbin18          0.285600E-01
 18 0.307674E-02 MgSbin19          0.316367E-01
 19 0.787874E-03 MgSbin20          0.324246E-01
 20 0.251442E-03 MgSbin21          0.326760E-01
 21 0.287484E-03 MgSbin22          0.329635E-01
 22 0.573262E-03 MgSbin23          0.335368E-01
 23 0.241809E-03 MgSbin24          0.337786E-01
 24 0.568023E-03 MgSbin25          0.343466E-01
 25 0.251444E-03 MgSbin26          0.345980E-01
 26 0.418606E-03 MgSbin27          0.350166E-01
 27 0.238199E-02 MgSbin29          0.373986E-01
 28 0.755927E-03 MgSbin30          0.381546E-01
 29 0.126402E-02 MgSbin31          0.394186E-01
 30 0.999718E-03 MgSbin32          0.404183E-01
 31 0.109970E-02 MgSbin33          0.415180E-01
 32 0.908425E-03 MgSbin34          0.424264E-01
 33 0.133536E-04 MgSbin35          0.424398E-01
 34 0.500424E-03 MgSbin36          0.429402E-01
 35 0.100466E-02 MgSbin37          0.439449E-01
 36 0.803025E-04 MgSbin39          0.440252E-01
 37 0.325098E-03 MgSbin40          0.443503E-01
 38 0.321493E-02 MgSbin41          0.475652E-01
 39 0.822823E-02 MgSbin42          0.557934E-01
 40 0.330489E-03 MgSbin43          0.561239E-01
 41 0.471417E-02 MgSbin44          0.608381E-01
 42 0.300507E-02 MgSbin45          0.638431E-01
 43 0.686938E-03 MgSbin46          0.645301E-01
 44 0.393316E-02 MgSbin47          0.684632E-01
 45 0.536981E-02 MgSbin48          0.738330E-01
 46 0.828335E-04 MgSbin50          0.739159E-01
 47 0.393109E-02 MgSbin51          0.778470E-01
 48 0.458456E-04 MgSbin52          0.778928E-01
 49 0.662693E-03 MgSbin55          0.785555E-01
 50 0.120788E-02 MgSbin56          0.797634E-01
 51 0.178768E-03 MgSbin57          0.799422E-01
 52 0.141450E-02 MgSbin59          0.813567E-01
 53 0.101220E-02 MgSbin61          0.823689E-01
 54 0.311206E-02 MgSbin64          0.854809E-01
 55 0.124133E-01 MgSbin65          0.978943E-01
 56 0.355713E-02 MgSbin66          0.101451    
 57 0.155991E-01 MgSbin67          0.117050    
  1  0.00000     pseudo_experiment  0.00000    
  2 0.151721E-03 MgSbin1           0.151721E-03
  3 0.178969E-03 MgSbin2           0.330691E-03
  4 0.952718E-03 MgSbin3           0.128341E-02
  5 0.275693E-02 MgSbin4           0.404034E-02
  6 0.350356E-02 MgSbin5           0.754390E-02
  7 0.200219E-03 MgSbin6           0.774412E-02
  8 0.623580E-03 MgSbin7           0.836770E-02
  9 0.303047E-02 MgSbin8           0.113982E-01
 10 0.164958E-03 MgSbin9           0.115631E-01
 11 0.447628E-04 MgSbin11          0.116079E-01
 12 0.486102E-04 MgSbin12          0.116565E-01
 13 0.245747E-02 MgSbin13          0.141140E-01
 14 0.813957E-03 MgSbin14          0.149279E-01
 15 0.187191E-03 MgSbin15          0.151151E-01
 16 0.161963E-03 MgSbin16          0.152771E-01
 17 0.101815E-04 MgSbin18          0.152873E-01
 18 0.259250E-03 MgSbin19          0.155465E-01
 19 0.229262E-02 MgSbin20          0.178391E-01
 20 0.831387E-03 MgSbin21          0.186705E-01
 21 0.293543E-03 MgSbin22          0.189641E-01
 22 0.966042E-04 MgSbin23          0.190607E-01
 23 0.143199E-03 MgSbin24          0.192039E-01
 24 0.657046E-03 MgSbin25          0.198609E-01
 25 0.122851E-02 MgSbin26          0.210894E-01
 26 0.124988E-03 MgSbin27          0.212144E-01
 27 0.154572E-02 MgSbin29          0.227601E-01
 28 0.274803E-02 MgSbin30          0.255082E-01
 29 0.106234E-02 MgSbin31          0.265705E-01
 30 0.167332E-02 MgSbin32          0.282438E-01
 31 0.175854E-02 MgSbin33          0.300024E-01
 32 0.626631E-03 MgSbin34          0.306290E-01
 33 0.646052E-04 MgSbin35          0.306936E-01
 34 0.148642E-02 MgSbin36          0.321800E-01
 35 0.126396E-02 MgSbin37          0.334440E-01
 36 0.194137E-04 MgSbin39          0.334634E-01
 37 0.509957E-03 MgSbin40          0.339734E-01
 38 0.488886E-02 MgSbin41          0.388622E-01
 39 0.953706E-02 MgSbin42          0.483993E-01
 40 0.161006E-03 MgSbin43          0.485603E-01
 41 0.739571E-02 MgSbin44          0.559560E-01
 42 0.398953E-02 MgSbin45          0.599455E-01
 43 0.114983E-02 MgSbin46          0.610954E-01
 44 0.340924E-02 MgSbin47          0.645046E-01
 45 0.580054E-02 MgSbin48          0.703051E-01
 46 0.172878E-03 MgSbin50          0.704780E-01
 47 0.398949E-02 MgSbin51          0.744675E-01
 48 0.268299E-03 MgSbin52          0.747358E-01
 49 0.128986E-02 MgSbin55          0.760257E-01
 50 0.153047E-02 MgSbin56          0.775561E-01
 51 0.554571E-03 MgSbin57          0.781107E-01
 52 0.233544E-02 MgSbin59          0.804461E-01
 53 0.741476E-03 MgSbin61          0.811876E-01
 54 0.348655E-02 MgSbin64          0.846742E-01
 55 0.246558E-01 MgSbin65          0.109330    
 56 0.695015E-02 MgSbin66          0.116280    
 57 0.186511E-01 MgSbin67          0.134931    
  1  0.00000     pseudo_experiment  0.00000    
  2 0.310997E-03 MgSbin1           0.310997E-03
  3 0.193297E-02 MgSbin2           0.224397E-02
  4 0.617004E-03 MgSbin3           0.286097E-02
  5 0.302366E-02 MgSbin4           0.588463E-02
  6 0.417632E-02 MgSbin5           0.100610E-01
  7 0.454874E-04 MgSbin6           0.101064E-01
  8 0.161521E-02 MgSbin7           0.117217E-01
  9 0.123191E-02 MgSbin8           0.129536E-01
 10 0.288157E-05 MgSbin9           0.129564E-01
 11 0.414220E-03 MgSbin11          0.133707E-01
 12 0.123915E-05 MgSbin12          0.133719E-01
 13 0.221133E-02 MgSbin13          0.155832E-01
 14 0.534988E-03 MgSbin14          0.161182E-01
 15 0.318739E-04 MgSbin15          0.161501E-01
 16 0.710881E-05 MgSbin16          0.161572E-01
 17 0.385923E-02 MgSbin18          0.200164E-01
 18 0.431018E-03 MgSbin19          0.204474E-01
 19 0.586103E-03 MgSbin20          0.210336E-01
 20 0.133575E-03 MgSbin21          0.211671E-01
 21 0.185278E-03 MgSbin22          0.213524E-01
 22 0.536305E-03 MgSbin23          0.218887E-01
 23 0.406824E-03 MgSbin24          0.222955E-01
 24 0.135297E-02 MgSbin25          0.236485E-01
 25 0.411885E-03 MgSbin26          0.240604E-01
 26 0.288411E-03 MgSbin27          0.243488E-01
 27 0.128735E-02 MgSbin29          0.256362E-01
 28 0.846424E-03 MgSbin30          0.264826E-01
 29 0.150961E-02 MgSbin31          0.279922E-01
 30 0.747377E-03 MgSbin32          0.287396E-01
 31 0.850682E-03 MgSbin33          0.295902E-01
 32 0.822425E-03 MgSbin34          0.304127E-01
 33 0.676750E-03 MgSbin35          0.310894E-01
 34 0.860594E-03 MgSbin36          0.319500E-01
 35 0.123118E-02 MgSbin37          0.331812E-01
 36 0.149632E-04 MgSbin39          0.331962E-01
 37 0.202510E-03 MgSbin40          0.333987E-01
 38 0.294813E-02 MgSbin41          0.363468E-01
 39 0.623024E-02 MgSbin42          0.425770E-01
 40 0.160398E-03 MgSbin43          0.427374E-01
 41 0.451357E-02 MgSbin44          0.472510E-01
 42 0.343154E-02 MgSbin45          0.506825E-01
 43 0.106162E-02 MgSbin46          0.517442E-01
 44 0.403178E-02 MgSbin47          0.557759E-01
 45 0.709730E-02 MgSbin48          0.628732E-01
 46 0.508649E-04 MgSbin50          0.629241E-01
 47 0.353590E-02 MgSbin51          0.664600E-01
 48 0.160837E-03 MgSbin52          0.666209E-01
 49 0.183276E-02 MgSbin55          0.684536E-01
 50 0.225762E-02 MgSbin56          0.707112E-01
 51 0.126884E-02 MgSbin57          0.719801E-01
 52 0.851680E-03 MgSbin59          0.728318E-01
 53 0.207359E-02 MgSbin61          0.749054E-01
 54 0.348365E-02 MgSbin64          0.783890E-01
 55 0.132924E-01 MgSbin65          0.916814E-01
 56 0.216605E-02 MgSbin66          0.938475E-01
 57 0.549143E-02 MgSbin67          0.993389E-01
  1  0.00000     pseudo_experiment  0.00000    
  2 0.163594E-02 MgSbin1           0.163594E-02
  3 0.168099E-02 MgSbin2           0.331692E-02
  4 0.393897E-02 MgSbin3           0.725590E-02
  5 0.374002E-02 MgSbin4           0.109959E-01
  6 0.264745E-02 MgSbin5           0.136434E-01
  7 0.154138E-02 MgSbin6           0.151848E-01
  8 0.902454E-03 MgSbin7           0.160872E-01
  9 0.294306E-02 MgSbin8           0.190303E-01
 10 0.633596E-04 MgSbin9           0.190936E-01
 11 0.109397E-03 MgSbin11          0.192030E-01
 12 0.960355E-04 MgSbin12          0.192991E-01
 13 0.332724E-02 MgSbin13          0.226263E-01
 14 0.803588E-03 MgSbin14          0.234299E-01
 15 0.830877E-03 MgSbin15          0.242608E-01
 16 0.683774E-03 MgSbin16          0.249445E-01
 17 0.739831E-03 MgSbin18          0.256844E-01
 18 0.180645E-02 MgSbin19          0.274908E-01
 19 0.802057E-03 MgSbin20          0.282929E-01
 20 0.481967E-04 MgSbin21          0.283411E-01
 21 0.187315E-02 MgSbin22          0.302142E-01
 22 0.682244E-03 MgSbin23          0.308965E-01
 23 0.826315E-04 MgSbin24          0.309791E-01
 24 0.132280E-03 MgSbin25          0.311114E-01
 25 0.829233E-03 MgSbin26          0.319406E-01
 26 0.741945E-03 MgSbin27          0.326826E-01
 27 0.142806E-02 MgSbin29          0.341106E-01
 28 0.358028E-02 MgSbin30          0.376909E-01
 29 0.121891E-02 MgSbin31          0.389098E-01
 30 0.105547E-02 MgSbin32          0.399653E-01
 31 0.180583E-02 MgSbin33          0.417711E-01
 32 0.143119E-03 MgSbin34          0.419142E-01
 33 0.229874E-03 MgSbin35          0.421441E-01
 34 0.778935E-03 MgSbin36          0.429230E-01
 35 0.109611E-02 MgSbin37          0.440191E-01
 36 0.242405E-04 MgSbin39          0.440434E-01
 37 0.253444E-03 MgSbin40          0.442968E-01
 38 0.275006E-02 MgSbin41          0.470469E-01
 39 0.896933E-02 MgSbin42          0.560162E-01
 40 0.285269E-03 MgSbin43          0.563015E-01
 41 0.371674E-02 MgSbin44          0.600182E-01
 42 0.203044E-02 MgSbin45          0.620487E-01
 43 0.135577E-02 MgSbin46          0.634044E-01
 44 0.423746E-02 MgSbin47          0.676419E-01
 45 0.608320E-02 MgSbin48          0.737251E-01
 46 0.142587E-03 MgSbin50          0.738677E-01
 47 0.417452E-02 MgSbin51          0.780422E-01
 48 0.548652E-04 MgSbin52          0.780971E-01
 49 0.802754E-03 MgSbin55          0.788998E-01
 50 0.119363E-02 MgSbin56          0.800934E-01
 51 0.204027E-03 MgSbin57          0.802975E-01
 52 0.185275E-02 MgSbin59          0.821502E-01
 53 0.192110E-02 MgSbin61          0.840713E-01
 54 0.535650E-02 MgSbin64          0.894278E-01
 55 0.133302E-01 MgSbin65          0.102758    
 56 0.850040E-02 MgSbin66          0.111258    
 57 0.903506E-02 MgSbin67          0.120293    
  1  0.00000     pseudo_experiment  0.00000    
  2 0.791891E-03 MgSbin1           0.791891E-03
  3 0.103911E-02 MgSbin2           0.183100E-02
  4 0.783818E-02 MgSbin3           0.966918E-02
  5 0.352357E-02 MgSbin4           0.131927E-01
  6 0.288721E-02 MgSbin5           0.160800E-01
  7 0.436709E-03 MgSbin6           0.165167E-01
  8 0.177665E-02 MgSbin7           0.182933E-01
  9 0.388969E-02 MgSbin8           0.221830E-01
 10 0.203148E-03 MgSbin9           0.223861E-01
 11 0.110165E-03 MgSbin11          0.224963E-01
 12 0.290892E-04 MgSbin12          0.225254E-01
 13 0.151122E-02 MgSbin13          0.240366E-01
 14 0.901980E-03 MgSbin14          0.249386E-01
 15 0.127549E-03 MgSbin15          0.250662E-01
 16 0.353684E-03 MgSbin16          0.254198E-01
 17 0.220159E-02 MgSbin18          0.276214E-01
 18 0.249560E-02 MgSbin19          0.301170E-01
 19 0.513564E-03 MgSbin20          0.306306E-01
 20 0.178584E-03 MgSbin21          0.308092E-01
 21 0.524060E-03 MgSbin22          0.313332E-01
 22 0.140081E-03 MgSbin23          0.314733E-01
 23 0.176641E-03 MgSbin24          0.316499E-01
 24 0.199238E-03 MgSbin25          0.318492E-01
 25 0.117419E-02 MgSbin26          0.330234E-01
 26 0.445809E-03 MgSbin27          0.334692E-01
 27 0.120420E-02 MgSbin29          0.346734E-01
 28 0.224848E-02 MgSbin30          0.369219E-01
 29 0.618101E-03 MgSbin31          0.375400E-01
 30 0.873688E-03 MgSbin32          0.384137E-01
 31 0.981144E-03 MgSbin33          0.393948E-01
 32 0.358094E-03 MgSbin34          0.397529E-01
 33 0.734150E-05 MgSbin35          0.397602E-01
 34 0.489623E-03 MgSbin36          0.402499E-01
 35 0.937885E-03 MgSbin37          0.411877E-01
 36 0.773036E-04 MgSbin39          0.412650E-01
 37 0.333489E-03 MgSbin40          0.415985E-01
 38 0.187938E-02 MgSbin41          0.434779E-01
 39 0.173962E-01 MgSbin42          0.608741E-01
 40 0.249814E-04 MgSbin43          0.608991E-01
 41 0.410553E-02 MgSbin44          0.650046E-01
 42 0.293203E-02 MgSbin45          0.679366E-01
 43 0.594394E-03 MgSbin46          0.685310E-01
 44 0.261928E-02 MgSbin47          0.711503E-01
 45 0.623945E-02 MgSbin48          0.773898E-01
 46 0.770805E-04 MgSbin50          0.774668E-01
 47 0.316070E-02 MgSbin51          0.806275E-01
 48 0.155823E-02 MgSbin52          0.821858E-01
 49 0.209442E-02 MgSbin55          0.842802E-01
 50 0.141233E-02 MgSbin56          0.856925E-01
 51 0.111413E-02 MgSbin57          0.868066E-01
 52 0.129344E-02 MgSbin59          0.881001E-01
 53 0.499262E-03 MgSbin61          0.885993E-01
 54 0.907780E-03 MgSbin64          0.895071E-01
 55 0.193175E-01 MgSbin65          0.108825    
 56 0.387402E-02 MgSbin66          0.112699    
 57 0.184482E-01 MgSbin67          0.131147    
  1  0.00000     pseudo_experiment  0.00000    
  2 0.156313E-03 MgSbin1           0.156313E-03
  3 0.399213E-03 MgSbin2           0.555527E-03
  4 0.347180E-02 MgSbin3           0.402733E-02
  5 0.687211E-02 MgSbin4           0.108994E-01
  6 0.375182E-02 MgSbin5           0.146513E-01
  7 0.147678E-02 MgSbin6           0.161280E-01
  8 0.299847E-02 MgSbin7           0.191265E-01
  9 0.270323E-02 MgSbin8           0.218297E-01
 10 0.954771E-04 MgSbin9           0.219252E-01
 11 0.805199E-04 MgSbin11          0.220057E-01
 12 0.368580E-04 MgSbin12          0.220426E-01
 13 0.103456E-02 MgSbin13          0.230772E-01
 14 0.861621E-03 MgSbin14          0.239388E-01
 15 0.104099E-03 MgSbin15          0.240429E-01
 16 0.160520E-03 MgSbin16          0.242034E-01
 17 0.419805E-02 MgSbin18          0.284014E-01
 18 0.462475E-03 MgSbin19          0.288639E-01
 19 0.103017E-02 MgSbin20          0.298941E-01
 20 0.247976E-03 MgSbin21          0.301421E-01
 21 0.365096E-03 MgSbin22          0.305072E-01
 22 0.617154E-03 MgSbin23          0.311243E-01
 23 0.318228E-04 MgSbin24          0.311561E-01
 24 0.227834E-02 MgSbin25          0.334345E-01
 25 0.184965E-03 MgSbin26          0.336195E-01
 26 0.337353E-04 MgSbin27          0.336532E-01
 27 0.146545E-02 MgSbin29          0.351186E-01
 28 0.313898E-02 MgSbin30          0.382576E-01
 29 0.141421E-02 MgSbin31          0.396718E-01
 30 0.107978E-02 MgSbin32          0.407516E-01
 31 0.170246E-02 MgSbin33          0.424541E-01
 32 0.493840E-03 MgSbin34          0.429479E-01
 33 0.859988E-03 MgSbin35          0.438079E-01
 34 0.166093E-02 MgSbin36          0.454688E-01
 35 0.148551E-02 MgSbin37          0.469544E-01
 36 0.647897E-04 MgSbin39          0.470191E-01
 37 0.333204E-03 MgSbin40          0.473523E-01
 38 0.569054E-02 MgSbin41          0.530429E-01
 39 0.566164E-02 MgSbin42          0.587045E-01
 40 0.657678E-03 MgSbin43          0.593622E-01
 41 0.581397E-02 MgSbin44          0.651762E-01
 42 0.265784E-02 MgSbin45          0.678340E-01
 43 0.138602E-02 MgSbin46          0.692200E-01
 44 0.363072E-02 MgSbin47          0.728508E-01
 45 0.520414E-02 MgSbin48          0.780549E-01
 46 0.268715E-04 MgSbin50          0.780818E-01
 47 0.349117E-02 MgSbin51          0.815729E-01
 48 0.203999E-03 MgSbin52          0.817769E-01
 49 0.662650E-03 MgSbin55          0.824396E-01
 50 0.979383E-03 MgSbin56          0.834190E-01
 51 0.524095E-03 MgSbin57          0.839431E-01
 52 0.186787E-02 MgSbin59          0.858109E-01
 53 0.927119E-03 MgSbin61          0.867381E-01
 54 0.842196E-02 MgSbin64          0.951600E-01
 55 0.241986E-01 MgSbin65          0.119359    
 56 0.992901E-02 MgSbin66          0.129288    
 57 0.209675E-01 MgSbin67          0.150255    
  1  0.00000     pseudo_experiment  0.00000    
  2 0.100466E-02 MgSbin1           0.100466E-02
  3 0.173064E-02 MgSbin2           0.273529E-02
  4 0.426385E-02 MgSbin3           0.699914E-02
  5 0.620477E-02 MgSbin4           0.132039E-01
  6 0.728706E-02 MgSbin5           0.204910E-01
  7 0.167437E-02 MgSbin6           0.221653E-01
  8 0.144191E-02 MgSbin7           0.236073E-01
  9 0.116551E-02 MgSbin8           0.247728E-01
 10 0.820954E-04 MgSbin9           0.248549E-01
 11 0.233424E-03 MgSbin11          0.250883E-01
 12 0.243547E-04 MgSbin12          0.251126E-01
 13 0.776570E-03 MgSbin13          0.258892E-01
 14 0.104911E-02 MgSbin14          0.269383E-01
 15 0.270167E-03 MgSbin15          0.272085E-01
 16 0.242586E-03 MgSbin16          0.274511E-01
 17 0.277686E-02 MgSbin18          0.302279E-01
 18 0.120140E-02 MgSbin19          0.314293E-01
 19 0.732805E-03 MgSbin20          0.321621E-01
 20 0.122301E-03 MgSbin21          0.322844E-01
 21 0.447059E-03 MgSbin22          0.327315E-01
 22 0.345455E-03 MgSbin23          0.330769E-01
 23 0.381411E-03 MgSbin24          0.334584E-01
 24 0.157420E-02 MgSbin25          0.350326E-01
 25 0.139307E-02 MgSbin26          0.364256E-01
 26 0.275727E-03 MgSbin27          0.367014E-01
 27 0.187310E-02 MgSbin29          0.385745E-01
 28 0.184321E-02 MgSbin30          0.404177E-01
 29 0.154321E-02 MgSbin31          0.419609E-01
 30 0.109971E-02 MgSbin32          0.430606E-01
 31 0.143822E-02 MgSbin33          0.444988E-01
 32 0.127663E-02 MgSbin34          0.457754E-01
 33 0.867639E-03 MgSbin35          0.466431E-01
 34 0.792095E-03 MgSbin36          0.474352E-01
 35 0.139436E-02 MgSbin37          0.488295E-01
 36 0.116013E-06 MgSbin39          0.488296E-01
 37 0.437586E-03 MgSbin40          0.492672E-01
 38 0.326105E-02 MgSbin41          0.525283E-01
 39 0.110574E-01 MgSbin42          0.635856E-01
 40 0.237060E-03 MgSbin43          0.638227E-01
 41 0.602652E-02 MgSbin44          0.698492E-01
 42 0.317289E-02 MgSbin45          0.730221E-01
 43 0.198721E-02 MgSbin46          0.750093E-01
 44 0.355400E-02 MgSbin47          0.785633E-01
 45 0.646930E-02 MgSbin48          0.850326E-01
 46 0.620903E-04 MgSbin50          0.850947E-01
 47 0.336264E-02 MgSbin51          0.884573E-01
 48 0.162631E-03 MgSbin52          0.886200E-01
 49 0.128767E-02 MgSbin55          0.899076E-01
 50 0.692302E-03 MgSbin56          0.905999E-01
 51 0.351883E-03 MgSbin57          0.909518E-01
 52 0.366028E-02 MgSbin59          0.946121E-01
 53 0.659302E-03 MgSbin61          0.952714E-01
 54 0.298665E-02 MgSbin64          0.982581E-01
 55 0.144578E-01 MgSbin65          0.112716    
 56 0.783799E-02 MgSbin66          0.120554    
 57 0.161706E-01 MgSbin67          0.136724    
  1  0.00000     pseudo_experiment  0.00000    
  2 0.220620E-03 MgSbin1           0.220620E-03
  3 0.177288E-02 MgSbin2           0.199350E-02
  4 0.970347E-03 MgSbin3           0.296384E-02
  5 0.175994E-02 MgSbin4           0.472379E-02
  6 0.136306E-02 MgSbin5           0.608684E-02
  7 0.132289E-03 MgSbin6           0.621913E-02
  8 0.901458E-03 MgSbin7           0.712059E-02
  9 0.107049E-02 MgSbin8           0.819109E-02
 10 0.154555E-03 MgSbin9           0.834564E-02
 11 0.236230E-03 MgSbin11          0.858187E-02
 12 0.249787E-04 MgSbin12          0.860685E-02
 13 0.216473E-02 MgSbin13          0.107716E-01
 14 0.675652E-03 MgSbin14          0.114472E-01
 15 0.191739E-04 MgSbin15          0.114664E-01
 16 0.108875E-03 MgSbin16          0.115753E-01
 17 0.556564E-02 MgSbin18          0.171409E-01
 18 0.145203E-03 MgSbin19          0.172861E-01
 19 0.617284E-04 MgSbin20          0.173479E-01
 20 0.103216E-02 MgSbin21          0.183800E-01
 21 0.993697E-04 MgSbin22          0.184794E-01
 22 0.149550E-03 MgSbin23          0.186289E-01
 23 0.353868E-03 MgSbin24          0.189828E-01
 24 0.172494E-02 MgSbin25          0.207077E-01
 25 0.457761E-04 MgSbin26          0.207535E-01
 26 0.245149E-03 MgSbin27          0.209987E-01
 27 0.167273E-02 MgSbin29          0.226714E-01
 28 0.231978E-02 MgSbin30          0.249912E-01
 29 0.111435E-02 MgSbin31          0.261055E-01
 30 0.115838E-02 MgSbin32          0.272639E-01
 31 0.115399E-02 MgSbin33          0.284179E-01
 32 0.425274E-03 MgSbin34          0.288432E-01
 33 0.609592E-04 MgSbin35          0.289041E-01
 34 0.185435E-02 MgSbin36          0.307585E-01
 35 0.115260E-02 MgSbin37          0.319111E-01
 36 0.474374E-04 MgSbin39          0.319585E-01
 37 0.583117E-03 MgSbin40          0.325416E-01
 38 0.337481E-02 MgSbin41          0.359164E-01
 39 0.498071E-02 MgSbin42          0.408971E-01
 40 0.336778E-03 MgSbin43          0.412339E-01
 41 0.484434E-02 MgSbin44          0.460783E-01
 42 0.340469E-02 MgSbin45          0.494829E-01
 43 0.150868E-02 MgSbin46          0.509916E-01
 44 0.345829E-02 MgSbin47          0.544499E-01
 45 0.542791E-02 MgSbin48          0.598778E-01
 46 0.348635E-04 MgSbin50          0.599127E-01
 47 0.413141E-02 MgSbin51          0.640441E-01
 48 0.150857E-03 MgSbin52          0.641950E-01
 49 0.204324E-02 MgSbin55          0.662382E-01
 50 0.143922E-02 MgSbin56          0.676774E-01
 51 0.559434E-03 MgSbin57          0.682368E-01
 52 0.107860E-02 MgSbin59          0.693154E-01
 53 0.348208E-02 MgSbin61          0.727975E-01
 54 0.157672E-02 MgSbin64          0.743742E-01
 55 0.169696E-01 MgSbin65          0.913438E-01
 56 0.425380E-02 MgSbin66          0.955976E-01
 57 0.150786E-01 MgSbin67          0.110676    
  1  0.00000     pseudo_experiment  0.00000    
  2 0.190783E-02 MgSbin1           0.190783E-02
  3 0.376548E-02 MgSbin2           0.567332E-02
  4 0.859427E-03 MgSbin3           0.653274E-02
  5 0.354492E-02 MgSbin4           0.100777E-01
  6 0.418787E-02 MgSbin5           0.142655E-01
  7 0.884102E-03 MgSbin6           0.151496E-01
  8 0.184814E-02 MgSbin7           0.169978E-01
  9 0.337706E-02 MgSbin8           0.203748E-01
 10 0.456192E-04 MgSbin9           0.204205E-01
 11 0.202588E-03 MgSbin11          0.206230E-01
 12 0.444483E-04 MgSbin12          0.206675E-01
 13 0.583981E-03 MgSbin13          0.212515E-01
 14 0.940552E-04 MgSbin14          0.213455E-01
 15 0.209327E-03 MgSbin15          0.215549E-01
 16 0.240788E-03 MgSbin16          0.217956E-01
 17 0.329658E-03 MgSbin18          0.221253E-01
 18 0.151235E-02 MgSbin19          0.236377E-01
 19 0.159490E-03 MgSbin20          0.237971E-01
 20 0.314689E-03 MgSbin21          0.241118E-01
 21 0.869190E-03 MgSbin22          0.249810E-01
 22 0.552964E-03 MgSbin23          0.255340E-01
 23 0.139041E-03 MgSbin24          0.256730E-01
 24 0.195635E-02 MgSbin25          0.276294E-01
 25 0.197240E-02 MgSbin26          0.296018E-01
 26 0.725506E-03 MgSbin27          0.303273E-01
 27 0.180088E-02 MgSbin29          0.321282E-01
 28 0.221462E-02 MgSbin30          0.343428E-01
 29 0.124253E-02 MgSbin31          0.355853E-01
 30 0.117335E-02 MgSbin32          0.367587E-01
 31 0.163339E-02 MgSbin33          0.383921E-01
 32 0.385524E-03 MgSbin34          0.387776E-01
 33 0.169555E-03 MgSbin35          0.389471E-01
 34 0.144247E-02 MgSbin36          0.403896E-01
 35 0.923562E-03 MgSbin37          0.413132E-01
 36 0.125203E-03 MgSbin39          0.414384E-01
 37 0.106583E-02 MgSbin40          0.425042E-01
 38 0.310277E-02 MgSbin41          0.456070E-01
 39 0.810148E-02 MgSbin42          0.537085E-01
 40 0.265110E-03 MgSbin43          0.539736E-01
 41 0.676683E-02 MgSbin44          0.607404E-01
 42 0.254521E-02 MgSbin45          0.632856E-01
 43 0.128436E-02 MgSbin46          0.645700E-01
 44 0.320124E-02 MgSbin47          0.677712E-01
 45 0.491881E-02 MgSbin48          0.726900E-01
 46 0.214227E-04 MgSbin50          0.727114E-01
 47 0.263687E-02 MgSbin51          0.753483E-01
 48 0.174643E-03 MgSbin52          0.755229E-01
 49 0.844752E-03 MgSbin55          0.763677E-01
 50 0.109780E-02 MgSbin56          0.774655E-01
 51 0.677820E-03 MgSbin57          0.781433E-01
 52 0.361036E-02 MgSbin59          0.817537E-01
 53 0.123251E-02 MgSbin61          0.829862E-01
 54 0.787507E-02 MgSbin64          0.908613E-01
 55 0.166702E-01 MgSbin65          0.107531    
 56 0.643967E-02 MgSbin66          0.113971    
 57 0.167376E-01 MgSbin67          0.130709    
  1  0.00000     pseudo_experiment  0.00000    
  2 0.120040E-02 MgSbin1           0.120040E-02
  3 0.419132E-02 MgSbin2           0.539172E-02
  4 0.111241E-02 MgSbin3           0.650413E-02
  5 0.334825E-02 MgSbin4           0.985238E-02
  6 0.815117E-02 MgSbin5           0.180036E-01
  7 0.861347E-03 MgSbin6           0.188649E-01
  8 0.212013E-02 MgSbin7           0.209850E-01
  9 0.267932E-02 MgSbin8           0.236644E-01
 10 0.762388E-04 MgSbin9           0.237406E-01
 11 0.738232E-03 MgSbin11          0.244788E-01
 12 0.684167E-05 MgSbin12          0.244857E-01
 13 0.185333E-02 MgSbin13          0.263390E-01
 14 0.151726E-03 MgSbin14          0.264907E-01
 15 0.311089E-03 MgSbin15          0.268018E-01
 16 0.162695E-03 MgSbin16          0.269645E-01
 17 0.184069E-02 MgSbin18          0.288052E-01
 18 0.308130E-03 MgSbin19          0.291133E-01
 19 0.201518E-03 MgSbin20          0.293149E-01
 20 0.427025E-03 MgSbin21          0.297419E-01
 21 0.750396E-04 MgSbin22          0.298169E-01
 22 0.686930E-03 MgSbin23          0.305039E-01
 23 0.242331E-04 MgSbin24          0.305281E-01
 24 0.107340E-02 MgSbin25          0.316015E-01
 25 0.739150E-03 MgSbin26          0.323406E-01
 26 0.429918E-03 MgSbin27          0.327706E-01
 27 0.126238E-02 MgSbin29          0.340329E-01
 28 0.150520E-02 MgSbin30          0.355381E-01
 29 0.164370E-02 MgSbin31          0.371818E-01
 30 0.114779E-02 MgSbin32          0.383296E-01
 31 0.190967E-02 MgSbin33          0.402393E-01
 32 0.266635E-03 MgSbin34          0.405059E-01
 33 0.581687E-03 MgSbin35          0.410876E-01
 34 0.103863E-02 MgSbin36          0.421263E-01
 35 0.103625E-02 MgSbin37          0.431625E-01
 36 0.177980E-04 MgSbin39          0.431803E-01
 37 0.111298E-02 MgSbin40          0.442933E-01
 38 0.391491E-02 MgSbin41          0.482082E-01
 39 0.994018E-02 MgSbin42          0.581484E-01
 40 0.143035E-03 MgSbin43          0.582914E-01
 41 0.386734E-02 MgSbin44          0.621587E-01
 42 0.228150E-02 MgSbin45          0.644402E-01
 43 0.952465E-03 MgSbin46          0.653927E-01
 44 0.349889E-02 MgSbin47          0.688916E-01
 45 0.622573E-02 MgSbin48          0.751173E-01
 46 0.932228E-04 MgSbin50          0.752106E-01
 47 0.226286E-02 MgSbin51          0.774734E-01
 48 0.177581E-03 MgSbin52          0.776510E-01
 49 0.105191E-02 MgSbin55          0.787029E-01
 50 0.842047E-03 MgSbin56          0.795450E-01
 51 0.317954E-02 MgSbin57          0.827245E-01
 52 0.319668E-02 MgSbin59          0.859212E-01
 53 0.722255E-03 MgSbin61          0.866434E-01
 54 0.235650E-02 MgSbin64          0.889999E-01
 55 0.182738E-01 MgSbin65          0.107274    
 56 0.772951E-02 MgSbin66          0.115003    
 57 0.100558E-01 MgSbin67          0.125059    
  1  0.00000     pseudo_experiment  0.00000    
  2 0.371033E-04 MgSbin1           0.371033E-04
  3 0.337155E-03 MgSbin2           0.374258E-03
  4 0.586644E-02 MgSbin3           0.624070E-02
  5 0.229698E-02 MgSbin4           0.853768E-02
  6 0.438640E-02 MgSbin5           0.129241E-01
  7 0.447116E-04 MgSbin6           0.129688E-01
  8 0.334770E-03 MgSbin7           0.133036E-01
  9 0.175454E-02 MgSbin8           0.150581E-01
 10 0.154121E-03 MgSbin9           0.152122E-01
 11 0.175096E-05 MgSbin11          0.152140E-01
 12 0.609510E-04 MgSbin12          0.152749E-01
 13 0.109983E-02 MgSbin13          0.163748E-01
 14 0.155322E-02 MgSbin14          0.179280E-01
 15 0.366241E-04 MgSbin15          0.179646E-01
 16 0.390959E-04 MgSbin16          0.180037E-01
 17 0.382289E-02 MgSbin18          0.218266E-01
 18 0.465974E-03 MgSbin19          0.222926E-01
 19 0.127459E-02 MgSbin20          0.235672E-01
 20 0.374095E-03 MgSbin21          0.239412E-01
 21 0.927949E-04 MgSbin22          0.240340E-01
 22 0.134055E-03 MgSbin23          0.241681E-01
 23 0.549903E-03 MgSbin24          0.247180E-01
 24 0.162657E-02 MgSbin25          0.263446E-01
 25 0.505503E-03 MgSbin26          0.268501E-01
 26 0.795982E-03 MgSbin27          0.276461E-01
 27 0.862202E-03 MgSbin29          0.285083E-01
 28 0.144866E-02 MgSbin30          0.299569E-01
 29 0.102805E-02 MgSbin31          0.309850E-01
 30 0.709280E-03 MgSbin32          0.316943E-01
 31 0.146487E-02 MgSbin33          0.331591E-01
 32 0.269792E-03 MgSbin34          0.334289E-01
 33 0.137159E-03 MgSbin35          0.335661E-01
 34 0.670353E-03 MgSbin36          0.342364E-01
 35 0.688670E-03 MgSbin37          0.349251E-01
 36 0.371919E-04 MgSbin39          0.349623E-01
 37 0.435158E-03 MgSbin40          0.353974E-01
 38 0.278404E-02 MgSbin41          0.381815E-01
 39 0.952072E-02 MgSbin42          0.477022E-01
 40 0.339868E-03 MgSbin43          0.480421E-01
 41 0.613720E-02 MgSbin44          0.541793E-01
 42 0.227991E-02 MgSbin45          0.564592E-01
 43 0.791266E-03 MgSbin46          0.572504E-01
 44 0.395516E-02 MgSbin47          0.612056E-01
 45 0.490617E-02 MgSbin48          0.661118E-01
 46 0.171192E-03 MgSbin50          0.662830E-01
 47 0.422311E-02 MgSbin51          0.705061E-01
 48 0.889423E-03 MgSbin52          0.713955E-01
 49 0.199076E-02 MgSbin55          0.733863E-01
 50 0.164930E-02 MgSbin56          0.750356E-01
 51 0.493933E-03 MgSbin57          0.755295E-01
 52 0.154568E-02 MgSbin59          0.770752E-01
 53 0.471056E-02 MgSbin61          0.817857E-01
 54 0.178687E-02 MgSbin64          0.835726E-01
 55 0.245596E-01 MgSbin65          0.108132    
 56 0.291250E-02 MgSbin66          0.111045    
 57 0.980962E-02 MgSbin67          0.120854    
  1  0.00000     pseudo_experiment  0.00000    
  2 0.209962E-03 MgSbin1           0.209962E-03
  3 0.694135E-03 MgSbin2           0.904098E-03
  4 0.379515E-02 MgSbin3           0.469924E-02
  5 0.456027E-02 MgSbin4           0.925952E-02
  6 0.251953E-02 MgSbin5           0.117790E-01
  7 0.178427E-03 MgSbin6           0.119575E-01
  8 0.149505E-02 MgSbin7           0.134525E-01
  9 0.487289E-03 MgSbin8           0.139398E-01
 10 0.171247E-03 MgSbin9           0.141111E-01
 11 0.181494E-02 MgSbin11          0.159260E-01
 12 0.153104E-04 MgSbin12          0.159413E-01
 13 0.177786E-02 MgSbin13          0.177192E-01
 14 0.406420E-03 MgSbin14          0.181256E-01
 15 0.125993E-03 MgSbin15          0.182516E-01
 16 0.508949E-04 MgSbin16          0.183025E-01
 17 0.516221E-02 MgSbin18          0.234647E-01
 18 0.498994E-03 MgSbin19          0.239637E-01
 19 0.182110E-02 MgSbin20          0.257848E-01
 20 0.741836E-03 MgSbin21          0.265266E-01
 21 0.716564E-03 MgSbin22          0.272432E-01
 22 0.359120E-03 MgSbin23          0.276023E-01
 23 0.129959E-03 MgSbin24          0.277323E-01
 24 0.211407E-02 MgSbin25          0.298463E-01
 25 0.388913E-03 MgSbin26          0.302352E-01
 26 0.714460E-03 MgSbin27          0.309497E-01
 27 0.154517E-02 MgSbin29          0.324949E-01
 28 0.161806E-02 MgSbin30          0.341129E-01
 29 0.161439E-02 MgSbin31          0.357273E-01
 30 0.101305E-02 MgSbin32          0.367404E-01
 31 0.148071E-02 MgSbin33          0.382211E-01
 32 0.322159E-03 MgSbin34          0.385432E-01
 33 0.799317E-04 MgSbin35          0.386232E-01
 34 0.149207E-02 MgSbin36          0.401152E-01
 35 0.116338E-02 MgSbin37          0.412786E-01
 36 0.130862E-03 MgSbin39          0.414095E-01
 37 0.707329E-03 MgSbin40          0.421168E-01
 38 0.334345E-02 MgSbin41          0.454603E-01
 39 0.862884E-02 MgSbin42          0.540891E-01
 40 0.332775E-03 MgSbin43          0.544219E-01
 41 0.675941E-02 MgSbin44          0.611813E-01
 42 0.351180E-02 MgSbin45          0.646931E-01
 43 0.118066E-02 MgSbin46          0.658737E-01
 44 0.524128E-02 MgSbin47          0.711150E-01
 45 0.507520E-02 MgSbin48          0.761902E-01
 46 0.137157E-03 MgSbin50          0.763274E-01
 47 0.419381E-02 MgSbin51          0.805212E-01
 48 0.694748E-06 MgSbin52          0.805219E-01
 49 0.145988E-02 MgSbin55          0.819817E-01
 50 0.701069E-03 MgSbin56          0.826828E-01
 51 0.145917E-02 MgSbin57          0.841420E-01
 52 0.300037E-02 MgSbin59          0.871424E-01
 53 0.129797E-02 MgSbin61          0.884403E-01
 54 0.129819E-02 MgSbin64          0.897385E-01
 55 0.198029E-01 MgSbin65          0.109541    
 56 0.628356E-02 MgSbin66          0.115825    
 57 0.384622E-02 MgSbin67          0.119671    
  1  0.00000     pseudo_experiment  0.00000    
  2 0.114412E-02 MgSbin1           0.114412E-02
  3 0.210789E-02 MgSbin2           0.325201E-02
  4 0.409386E-02 MgSbin3           0.734587E-02
  5 0.439878E-02 MgSbin4           0.117446E-01
  6 0.147781E-02 MgSbin5           0.132225E-01
  7 0.263606E-03 MgSbin6           0.134861E-01
  8 0.122384E-02 MgSbin7           0.147099E-01
  9 0.118315E-02 MgSbin8           0.158931E-01
 10 0.364280E-04 MgSbin9           0.159295E-01
 11 0.156041E-02 MgSbin11          0.174899E-01
 12 0.459954E-04 MgSbin12          0.175359E-01
 13 0.382067E-02 MgSbin13          0.213566E-01
 14 0.801691E-03 MgSbin14          0.221583E-01
 15 0.458534E-04 MgSbin15          0.222041E-01
 16 0.181012E-03 MgSbin16          0.223851E-01
 17 0.469705E-02 MgSbin18          0.270822E-01
 18 0.109292E-02 MgSbin19          0.281751E-01
 19 0.102690E-02 MgSbin20          0.292020E-01
 20 0.668185E-03 MgSbin21          0.298702E-01
 21 0.411779E-03 MgSbin22          0.302819E-01
 22 0.948995E-03 MgSbin23          0.312309E-01
 23 0.864879E-04 MgSbin24          0.313174E-01
 24 0.307386E-03 MgSbin25          0.316248E-01
 25 0.571928E-03 MgSbin26          0.321967E-01
 26 0.240284E-03 MgSbin27          0.324370E-01
 27 0.123202E-02 MgSbin29          0.336690E-01
 28 0.270587E-02 MgSbin30          0.363749E-01
 29 0.123754E-02 MgSbin31          0.376125E-01
 30 0.851839E-03 MgSbin32          0.384643E-01
 31 0.109417E-02 MgSbin33          0.395585E-01
 32 0.326787E-03 MgSbin34          0.398853E-01
 33 0.624682E-03 MgSbin35          0.405099E-01
 34 0.106571E-02 MgSbin36          0.415756E-01
 35 0.892046E-03 MgSbin37          0.424677E-01
 36 0.203369E-03 MgSbin39          0.426711E-01
 37 0.641310E-03 MgSbin40          0.433124E-01
 38 0.267042E-02 MgSbin41          0.459828E-01
 39 0.836457E-02 MgSbin42          0.543474E-01
 40 0.242860E-03 MgSbin43          0.545902E-01
 41 0.260894E-02 MgSbin44          0.571992E-01
 42 0.301852E-02 MgSbin45          0.602177E-01
 43 0.784138E-03 MgSbin46          0.610018E-01
 44 0.395625E-02 MgSbin47          0.649581E-01
 45 0.468620E-02 MgSbin48          0.696443E-01
 46 0.190592E-03 MgSbin50          0.698349E-01
 47 0.391649E-02 MgSbin51          0.737513E-01
 48 0.403413E-03 MgSbin52          0.741548E-01
 49 0.111774E-02 MgSbin55          0.752725E-01
 50 0.137841E-02 MgSbin56          0.766509E-01
 51 0.156385E-02 MgSbin57          0.782148E-01
 52 0.161041E-02 MgSbin59          0.798252E-01
 53 0.138036E-02 MgSbin61          0.812055E-01
 54 0.819096E-02 MgSbin64          0.893965E-01
 55 0.587377E-02 MgSbin65          0.952703E-01
 56 0.769645E-02 MgSbin66          0.102967    
 57 0.741237E-02 MgSbin67          0.110379    
  1  0.00000     pseudo_experiment  0.00000    
  2 0.128760E-02 MgSbin1           0.128760E-02
  3 0.283587E-02 MgSbin2           0.412347E-02
  4 0.454340E-02 MgSbin3           0.866687E-02
  5 0.484186E-02 MgSbin4           0.135087E-01
  6 0.440133E-02 MgSbin5           0.179101E-01
  7 0.505849E-03 MgSbin6           0.184159E-01
  8 0.442972E-03 MgSbin7           0.188589E-01
  9 0.290875E-02 MgSbin8           0.217676E-01
 10 0.483261E-04 MgSbin9           0.218160E-01
 11 0.563079E-04 MgSbin11          0.218723E-01
 12 0.199884E-03 MgSbin12          0.220721E-01
 13 0.895198E-03 MgSbin13          0.229673E-01
 14 0.152766E-03 MgSbin14          0.231201E-01
 15 0.187854E-04 MgSbin15          0.231389E-01
 16 0.152035E-03 MgSbin16          0.232909E-01
 17 0.534179E-02 MgSbin18          0.286327E-01
 18 0.488671E-03 MgSbin19          0.291214E-01
 19 0.590605E-03 MgSbin20          0.297120E-01
 20 0.871589E-04 MgSbin21          0.297992E-01
 21 0.595638E-03 MgSbin22          0.303948E-01
 22 0.159691E-03 MgSbin23          0.305545E-01
 23 0.444837E-04 MgSbin24          0.305990E-01
 24 0.782300E-03 MgSbin25          0.313813E-01
 25 0.911921E-03 MgSbin26          0.322932E-01
 26 0.157633E-03 MgSbin27          0.324508E-01
 27 0.155561E-02 MgSbin29          0.340064E-01
 28 0.436154E-02 MgSbin30          0.383680E-01
 29 0.112509E-02 MgSbin31          0.394931E-01
 30 0.129891E-02 MgSbin32          0.407920E-01
 31 0.937796E-03 MgSbin33          0.417298E-01
 32 0.371757E-03 MgSbin34          0.421015E-01
 33 0.475877E-03 MgSbin35          0.425774E-01
 34 0.918436E-03 MgSbin36          0.434958E-01
 35 0.104991E-02 MgSbin37          0.445457E-01
 36 0.497922E-07 MgSbin39          0.445458E-01
 37 0.937197E-03 MgSbin40          0.454830E-01
 38 0.521334E-02 MgSbin41          0.506963E-01
 39 0.110532E-01 MgSbin42          0.617495E-01
 40 0.308903E-03 MgSbin43          0.620584E-01
 41 0.436026E-02 MgSbin44          0.664187E-01
 42 0.315616E-02 MgSbin45          0.695748E-01
 43 0.845775E-03 MgSbin46          0.704206E-01
 44 0.351280E-02 MgSbin47          0.739334E-01
 45 0.599379E-02 MgSbin48          0.799272E-01
 46 0.648027E-04 MgSbin50          0.799920E-01
 47 0.267149E-02 MgSbin51          0.826635E-01
 48 0.237091E-04 MgSbin52          0.826872E-01
 49 0.922834E-03 MgSbin55          0.836100E-01
 50 0.895610E-03 MgSbin56          0.845056E-01
 51 0.236903E-02 MgSbin57          0.868747E-01
 52 0.204434E-02 MgSbin59          0.889190E-01
 53 0.124038E-02 MgSbin61          0.901594E-01
 54 0.282266E-02 MgSbin64          0.929820E-01
 55 0.131836E-01 MgSbin65          0.106166    
 56 0.626347E-02 MgSbin66          0.112429    
 57 0.403253E-02 MgSbin67          0.116462    
  1  0.00000     pseudo_experiment  0.00000    
  2 0.675739E-03 MgSbin1           0.675739E-03
  3 0.413637E-02 MgSbin2           0.481211E-02
  4 0.377945E-02 MgSbin3           0.859156E-02
  5 0.193439E-02 MgSbin4           0.105260E-01
  6 0.703023E-02 MgSbin5           0.175562E-01
  7 0.616386E-03 MgSbin6           0.181726E-01
  8 0.115933E-02 MgSbin7           0.193319E-01
  9 0.378938E-02 MgSbin8           0.231213E-01
 10 0.147462E-03 MgSbin9           0.232687E-01
 11 0.426032E-03 MgSbin11          0.236948E-01
 12 0.804364E-04 MgSbin12          0.237752E-01
 13 0.892984E-03 MgSbin13          0.246682E-01
 14 0.773994E-03 MgSbin14          0.254422E-01
 15 0.122792E-03 MgSbin15          0.255650E-01
 16 0.575197E-04 MgSbin16          0.256225E-01
 17 0.309915E-02 MgSbin18          0.287217E-01
 18 0.587136E-03 MgSbin19          0.293088E-01
 19 0.660235E-03 MgSbin20          0.299690E-01
 20 0.263891E-04 MgSbin21          0.299954E-01
 21 0.509248E-03 MgSbin22          0.305047E-01
 22 0.960227E-04 MgSbin23          0.306007E-01
 23 0.211813E-03 MgSbin24          0.308125E-01
 24 0.908611E-03 MgSbin25          0.317211E-01
 25 0.112304E-02 MgSbin26          0.328441E-01
 26 0.699063E-03 MgSbin27          0.335432E-01
 27 0.110589E-02 MgSbin29          0.346491E-01
 28 0.190970E-02 MgSbin30          0.365588E-01
 29 0.586827E-03 MgSbin31          0.371456E-01
 30 0.553671E-03 MgSbin32          0.376993E-01
 31 0.512923E-03 MgSbin33          0.382122E-01
 32 0.798807E-03 MgSbin34          0.390110E-01
 33 0.297267E-03 MgSbin35          0.393083E-01
 34 0.438015E-03 MgSbin36          0.397463E-01
 35 0.620202E-03 MgSbin37          0.403665E-01
 36 0.169924E-03 MgSbin39          0.405364E-01
 37 0.666769E-03 MgSbin40          0.412032E-01
 38 0.277545E-02 MgSbin41          0.439787E-01
 39 0.157545E-01 MgSbin42          0.597332E-01
 40 0.448573E-03 MgSbin43          0.601817E-01
 41 0.402993E-02 MgSbin44          0.642117E-01
 42 0.174244E-02 MgSbin45          0.659541E-01
 43 0.590694E-03 MgSbin46          0.665448E-01
 44 0.362983E-02 MgSbin47          0.701746E-01
 45 0.453931E-02 MgSbin48          0.747139E-01
 46 0.324996E-04 MgSbin50          0.747464E-01
 47 0.442576E-02 MgSbin51          0.791722E-01
 48 0.569482E-03 MgSbin52          0.797417E-01
 49 0.161611E-02 MgSbin55          0.813578E-01
 50 0.186739E-02 MgSbin56          0.832252E-01
 51 0.604759E-03 MgSbin57          0.838299E-01
 52 0.242281E-02 MgSbin59          0.862527E-01
 53 0.190704E-02 MgSbin61          0.881598E-01
 54 0.229738E-02 MgSbin64          0.904571E-01
 55 0.107716E-01 MgSbin65          0.101229    
 56 0.279413E-02 MgSbin66          0.104023    
 57 0.109442E-01 MgSbin67          0.114967    
  1  0.00000     pseudo_experiment  0.00000    
  2 0.205900E-03 MgSbin1           0.205900E-03
  3 0.400958E-03 MgSbin2           0.606858E-03
  4 0.244697E-02 MgSbin3           0.305383E-02
  5 0.175171E-02 MgSbin4           0.480554E-02
  6 0.591533E-02 MgSbin5           0.107209E-01
  7 0.408619E-03 MgSbin6           0.111295E-01
  8 0.188452E-02 MgSbin7           0.130140E-01
  9 0.152987E-02 MgSbin8           0.145439E-01
 10 0.144482E-03 MgSbin9           0.146884E-01
 11 0.850709E-04 MgSbin11          0.147734E-01
 12 0.481478E-04 MgSbin12          0.148216E-01
 13 0.197357E-02 MgSbin13          0.167952E-01
 14 0.942459E-03 MgSbin14          0.177376E-01
 15 0.490597E-04 MgSbin15          0.177867E-01
 16 0.735339E-04 MgSbin16          0.178602E-01
 17 0.845877E-02 MgSbin18          0.263190E-01
 18 0.324161E-03 MgSbin19          0.266432E-01
 19 0.210540E-02 MgSbin20          0.287485E-01
 20 0.411206E-03 MgSbin21          0.291598E-01
 21 0.256960E-03 MgSbin22          0.294167E-01
 22 0.143725E-03 MgSbin23          0.295604E-01
 23 0.858411E-03 MgSbin24          0.304188E-01
 24 0.426385E-03 MgSbin25          0.308452E-01
 25 0.124566E-02 MgSbin26          0.320909E-01
 26 0.121693E-03 MgSbin27          0.322126E-01
 27 0.674249E-03 MgSbin29          0.328868E-01
 28 0.177466E-02 MgSbin30          0.346615E-01
 29 0.877924E-03 MgSbin31          0.355394E-01
 30 0.794502E-03 MgSbin32          0.363339E-01
 31 0.127307E-02 MgSbin33          0.376070E-01
 32 0.126823E-03 MgSbin34          0.377338E-01
 33 0.120782E-03 MgSbin35          0.378546E-01
 34 0.116399E-02 MgSbin36          0.390186E-01
 35 0.892402E-03 MgSbin37          0.399110E-01
 36 0.185007E-03 MgSbin39          0.400960E-01
 37 0.995409E-03 MgSbin40          0.410914E-01
 38 0.226549E-02 MgSbin41          0.433569E-01
 39 0.105577E-01 MgSbin42          0.539146E-01
 40 0.250636E-03 MgSbin43          0.541652E-01
 41 0.401191E-02 MgSbin44          0.581771E-01
 42 0.258778E-02 MgSbin45          0.607649E-01
 43 0.906784E-03 MgSbin46          0.616717E-01
 44 0.347637E-02 MgSbin47          0.651480E-01
 45 0.531639E-02 MgSbin48          0.704644E-01
 46 0.428410E-04 MgSbin50          0.705073E-01
 47 0.438238E-02 MgSbin51          0.748897E-01
 48 0.101182E-03 MgSbin52          0.749908E-01
 49 0.170446E-02 MgSbin55          0.766953E-01
 50 0.130403E-02 MgSbin56          0.779993E-01
 51 0.124996E-02 MgSbin57          0.792493E-01
 52 0.975308E-03 MgSbin59          0.802246E-01
 53 0.576032E-03 MgSbin61          0.808006E-01
 54 0.368788E-02 MgSbin64          0.844885E-01
 55 0.165363E-01 MgSbin65          0.101025    
 56 0.599965E-02 MgSbin66          0.107024    
 57 0.606697E-02 MgSbin67          0.113091    
  1  0.00000     pseudo_experiment  0.00000    
  2 0.634518E-03 MgSbin1           0.634518E-03
  3 0.275045E-02 MgSbin2           0.338497E-02
  4 0.177210E-02 MgSbin3           0.515707E-02
  5 0.290597E-02 MgSbin4           0.806304E-02
  6 0.339998E-02 MgSbin5           0.114630E-01
  7 0.257776E-03 MgSbin6           0.117208E-01
  8 0.891257E-03 MgSbin7           0.126120E-01
  9 0.182253E-02 MgSbin8           0.144346E-01
 10 0.828352E-04 MgSbin9           0.145174E-01
 11 0.127185E-04 MgSbin11          0.145301E-01
 12 0.272857E-04 MgSbin12          0.145574E-01
 13 0.366437E-03 MgSbin13          0.149239E-01
 14 0.149624E-02 MgSbin14          0.164201E-01
 15 0.200003E-03 MgSbin15          0.166201E-01
 16 0.597372E-04 MgSbin16          0.166798E-01
 17 0.753405E-02 MgSbin18          0.242139E-01
 18 0.542204E-03 MgSbin19          0.247561E-01
 19 0.583814E-03 MgSbin20          0.253399E-01
 20 0.403943E-03 MgSbin21          0.257438E-01
 21 0.101117E-02 MgSbin22          0.267550E-01
 22 0.286299E-03 MgSbin23          0.270413E-01
 23 0.260945E-03 MgSbin24          0.273023E-01
 24 0.707831E-03 MgSbin25          0.280101E-01
 25 0.139419E-02 MgSbin26          0.294043E-01
 26 0.596717E-03 MgSbin27          0.300010E-01
 27 0.999016E-03 MgSbin29          0.310000E-01
 28 0.598979E-03 MgSbin30          0.315990E-01
 29 0.108294E-02 MgSbin31          0.326819E-01
 30 0.900062E-03 MgSbin32          0.335820E-01
 31 0.942013E-03 MgSbin33          0.345240E-01
 32 0.726009E-03 MgSbin34          0.352500E-01
 33 0.267052E-03 MgSbin35          0.355171E-01
 34 0.742221E-03 MgSbin36          0.362593E-01
 35 0.883066E-03 MgSbin37          0.371424E-01
 36 0.921000E-04 MgSbin39          0.372345E-01
 37 0.678627E-03 MgSbin40          0.379131E-01
 38 0.312464E-02 MgSbin41          0.410377E-01
 39 0.130347E-01 MgSbin42          0.540724E-01
 40 0.783985E-03 MgSbin43          0.548564E-01
 41 0.517995E-02 MgSbin44          0.600364E-01
 42 0.251382E-02 MgSbin45          0.625502E-01
 43 0.910863E-03 MgSbin46          0.634611E-01
 44 0.455575E-02 MgSbin47          0.680168E-01
 45 0.475233E-02 MgSbin48          0.727691E-01
 46 0.138092E-04 MgSbin50          0.727830E-01
 47 0.384700E-02 MgSbin51          0.766300E-01
 48 0.253705E-03 MgSbin52          0.768837E-01
 49 0.146455E-02 MgSbin55          0.783482E-01
 50 0.105281E-02 MgSbin56          0.794010E-01
 51 0.228025E-02 MgSbin57          0.816813E-01
 52 0.127557E-02 MgSbin59          0.829568E-01
 53 0.965306E-03 MgSbin61          0.839221E-01
 54 0.467015E-02 MgSbin64          0.885923E-01
 55 0.159755E-01 MgSbin65          0.104568    
 56 0.364846E-02 MgSbin66          0.108216    
 57 0.124878E-01 MgSbin67          0.120704    
